460	79	32.79400868	0.792329124	48.52467131	0	12.45454546	0	0.757387488	18.11077028	0.981675434	5.118566605	488	0	2.854969764	479.5	0.404955366	126.5738336	78.21925636	479.5	0	2.385169106	0.036849769	7.825368554	2.882800003	488	0.038839312	404.3667618	0	10.62286856	71.21861627	126.5738336	5.205805397	2	0	77	19.73981321	5.256399532	11.81991115	2.816130452	488	4.6	2.608442885
240	45	21	0.620728335	17.36763768	0	14.48837209	0.226666667	0.413404392	16.1245155	1.501829256	4.535144014	300	0	1.711687881	311.5	0.617543579	54.25186148	43	311.5	0	2.047619048	0.093982699	9.00793054	3.054285718	300	0.054176842	204.0814806	0	10.41102299	100.4222074	54.25186148	3.464101615	4	0	43	14.83599156	3.01	14.03009449	1.657511039	300	3.157894737	3.123732915
44	11	9	0.340052412	4.79433306	0	8.555555556	0.380952381	0.356034085	6.32455532	1.511746896	3.428024545	42	0	1.552072008	38.5	0.673653399	11.71430465	10	38.5	0	1.111111111	0.340239373	4.038873605	1.572740441	42	0.42997603	37.70826999	0	2.985561965	41.61345439	11.71430465	1.69733685	1	0	9	4.038873605	2.142857143	19.9920547	1.122095978	42	1.571428571	2.443364803
52	9	8	0.667947453	5.606371258	0	11	0.230769231	0.24902314	9.219544457	1.209906307	4.693843006	39	0	2.033604811	38.5	0.599553178	12.81265901	15	38.5	0	1.875	0.271091341	5.153882032	2.591103542	39	0.337807208	42.24458705	0	7.928249672	83.19011932	12.81265901	2.081666	1	0	7	5.153882032	3.076923077	5.134257814	1.695797603	39	1.857142857	2.285374697
154	9	7	0.987149333	6.433949878	0	59.14285714	0.388646288	0.069886814	44.01136217	0.794645759	15.25158804	229	0	1.516846668	207	0.694975582	52.70849531	65	207	0	9.285714286	0.138055035	19.02629759	14.32001031	229	0.385050322	137.2642923	0	35.38130488	89.83189406	52.70849531	2.544151612	1	0	7	19.02629759	1.986899563	0.560494769	1.131796346	229	1.480769231	8.192245248
82	9	5.143227159	0.973953634	9.306113497	0	24.14285714	0.405405405	0.016806959	24.59674775	0.92744668	7.162651946	74	0	1.27590795	84.5	0.664906187	26.32746475	29.63448036	84.5	0	5.76184552	0.255517735	6.619101147	7.14377136	74	0.320150907	64.46386751	0	14.72052572	115.2919989	26.32746475	2.383076594	1	0	7	6.619101147	2.059687355	0.696552839	0.955757043	74	1.64	2.829050468
550	91	46.95498179	0.220072637	24.07852292	0	19.8988764	0.186328556	0.342449999	12.64911064	1.700904975	5.058124635	907	0	1.798794146	885.5	0.614788431	87.80596687	50.49746806	885.5	0	1.075444311	0.052519887	15.30582904	2.30410055	907	0.094711214	460.2893418	0	16.78753212	45.02832538	87.80596687	4.565612564	5	0	89	35.3739037	2.614231194	13.26692202	1.704082932	907	4.435483871	3.646650884
160	28	20	0.117880717	17.3548037	0	15.76923077	0.154639175	0.368473451	18.02775638	1.620598155	4.978222479	194	0	1.879921023	205	0.59493742	51.91460413	21	205	0	1.05	0.132582514	5.482046885	3.810727677	194	0.113046262	139.3902294	0	18.01347293	158.7159358	51.91460413	2.871832635	1	0	26	8.373627828	2.164948454	11.07646628	1.766874762	194	2.75862069	2.991367982
154	23	16	0.849717435	13.76228587	0	16.61904762	0	0.334258714	10.77032961	1.111828613	5.521499565	172	0	1.909011088	174.5	0.421249564	37.84262379	35	174.5	0	2.1875	0.135963623	8.098957035	2.264347978	172	0.075319481	126.99449	0	11.49524204	6.484795745	37.84262379	2.935597479	1	0	21	11.59232922	3.255813954	7.83202742	1.833691607	172	2.655172414	2.749733885
66	10	12	0.770637649	4.61349109	0	25.375	0.352380952	0.175077596	9.848857802	1.531212982	5.640734214	105	0	1.72997322	101.5	0.696879546	18.3102868	19	101.5	0	1.583333333	0.400859171	0	2.206585478	105	0.48724275	56.40734214	0	12.08239939	25.09535729	18.3102868	1.61023512	0	0	8	0	2.171428571	11.82976273	1.24273047	105	1.5	3.968857085
170	31	11.2179362	0.921932477	16.85342971	0	13.27586207	0.326633166	0.393245095	10.44030651	1.144888909	4.527571296	199	0	1.500256876	192.5	0.659862629	48.89812211	41.4951625	192.5	0	3.69900147	0.122793055	5.948861734	2.085937382	199	0.101246142	140.3547102	0	10.11620943	32.37074039	48.89812211	3.012745121	1	0	29	7.223110997	2.339146159	15.96634057	1.399010734	199	2.361111111	2.901375148
18	5	4	0.22981392	1.223689935	0	10	1	0	5.099019514	1.531149727	3.12726774	17	0	1	15	0.890760691	3.380549247	5	15	0	1.25	0.770935734	0	1.508391727	17	1	15.6363387	0	6.683312552	105.2471576	3.380549247	1.091410313	0	0	3	0	1.176470588	4.624013031	0	17	1	2.76258646
124	21	16	0.590408122	8.880150933	0	16.10526316	0.213333333	0.270432294	11.18033989	1.495218777	4.823146675	150	0	1.595998496	153	0.561039541	28.21054054	26	153	0	1.625	0.187408359	8.2515808	1.942709182	150	0.29115137	101.2860802	0	7.999307449	171.9832794	28.21054054	2.531139401	1	0	19	9.200806968	2.773333333	14.77248647	1.304847126	150	2.384615385	3.176808678
172	26	19.24914355	0.785920531	14.11108268	0	18.125	0	1.195642518	13	1.138612684	5.514115141	216	0	1.928079319	217.5	0.406327616	45.67181536	38.36301705	217.5	0	1.992972672	0.132971314	6.066863342	3.055865766	216	0.062804939	143.3669937	0	11.09546642	15.4139462	45.67181536	2.925779415	1	0	24	9.133432652	3.418774177	-0.153463024	1.865274381	216	2.6875	3.236591862
134	26	20	0.234430123	10.24438241	0	15.79166667	0.144385027	0.342412645	11.18033989	1.497555075	4.508085375	187	0	2.024558916	189.5	0.545715703	33.4666652	26	189.5	0	1.3	0.173330628	8.540772254	2.429866848	187	0.195995085	117.2102198	0	14.30902736	178.0344169	33.4666652	2.449762621	1	0	24	10.74890787	2.780748663	12.87403842	1.828563831	187	2.392857143	3.266830919
86	11	17.46999982	0.436401367	3.631653588	0	40	0.535135135	0.192257944	11.40175425	1.788141372	6.448145737	185	0	1.830983309	180	0.744968234	22.64836056	21.17375602	180	0	1.212006654	0.449587783	8.951256895	2.874640536	185	0.419721466	70.92960311	0	19.11369492	116.882627	22.64836056	1.580711438	1	0	9	8.951256895	1.999489263	6.653479445	1.411261844	185	1.535714286	6.236376904
124	18	12.00511523	0.891304607	8.119251709	0	23.5	0.390374332	0.406006512	17.11724277	1.258491988	5.892927585	187	0	1.469517213	188	0.683957841	36.08371657	35.83406022	188	0	2.984899315	0.209965377	7.448506621	3.99206036	187	0.280462038	106.0726965	0	17.095321	149.5895207	36.08371657	2.266944515	1	0	16	9.414085192	2.300492096	10.5840926	1.189055176	187	1.9375	4.444217012
176	26	21.68415319	0.171456706	15.06022544	0	13.375	0	0.334969807	17	1.349827729	5.701692817	182	0	1.940953757	160.5	0.33154526	48.15223628	24.6194348	160.5	0	1.135365287	0.091773599	5.757974242	3.767005042	182	0.069537137	148.2440132	0	8.759815923	79.78272915	48.15223628	3.261496993	1	0	24	7.75403121	2.933250526	8.604485971	1.87141662	182	3.142857143	3.197311785
26	5	5	0.29666755	0.819792649	0	12.33333333	0.473684211	0	7.280109889	1.403663663	4.219507793	19	0	1.401006717	18.5	0.721554354	3.357439329	7	18.5	0	1.4	0.522282156	0	3.040508589	19	0.729133747	21.09753897	0	9.672412086	86.93312294	3.357439329	1.49120227	0	0	3	0	1.842105263	21.59750736	0.67187297	19	1.3	4.095473819
52	11	10	0.385579232	4.129659358	0	12	0.276595745	0.343622673	7.280109889	1.479221842	3.851967236	47	0	1.541722801	54	0.61461463	10.51884841	11	54	0	1.1	0.377955158	4.131118359	1.754589199	47	0.247676734	42.37163959	0	6.514940095	87.64368997	10.51884841	1.89624489	1	0	9	4.349117757	2.340425532	23.10353296	1.294046067	47	1.733333333	2.547146749
104	8	4.488059712	0.989981474	10.39157531	0	35.66666667	0.518518519	0.018287584	36.05551276	0.777620412	12.1513759	108	0	1.286547559	107	0.712944223	35.93458254	46.26541032	107	0	10.30855499	0.142281996	17.06604817	11.31845844	108	0.711514341	97.21100718	0	11.33823423	84.95191184	35.93458254	2.501851167	1	0	6	17.06604817	1.922610408	0.387624624	0.575033218	108	1.368421053	3.458049571
40	12	6	0.650614856	4.768331784	0	5.9	0.172413793	0.412562929	7.280109889	1.279676094	2.970687975	29	0	1.554350021	29.5	0.622257753	11.10330249	10	29.5	0	1.666666667	0.291704079	4.615112444	2.091110089	29	0.296669607	35.64825571	0	5.923681288	88.94329638	11.10330249	1.856953382	1	0	10	4.615112444	2.068965517	10.58478599	1.257680414	29	1.666666667	2.328550737
70	9	7.101156088	0.931915412	6.545606958	0	22.57142857	0.481481481	0.499686512	14.31782106	1.144476283	6.714786657	81	0	1.53385185	79	0.724889807	23.07604941	25.98995901	79	0	3.659961658	0.271815795	0	5.02748398	81	0.67602144	60.43307991	0	13.40423326	75.36330554	23.07604941	1.944444444	0	0	7	0	2.278503156	5.418134651	0.85783041	81	1.52173913	3.525425459
48	12	6.268925485	0.88364475	6.920599457	0	8.7	0.363636364	0.276814098	6.08276253	1.168966343	3.592646121	44	0	1.458360411	43.5	0.651940342	14.49805633	15.97744604	43.5	0	2.548673784	0.294099942	2.5	1.836863092	44	0.368669477	43.11175345	0	5.496362434	33.72586442	14.49805633	1.809068068	1	0	10	2.5	2.276395879	17.97466256	1.089690934	44	1.5	2.09491337
386	58	31.51775984	0.687986326	17.82327639	0	26.42857143	0.324061196	0.422502917	18.97366596	1.489400422	5.53945178	719	0	1.936807137	740	0.649704044	75.24280104	69.68425301	740	0	2.210951964	0.090082248	14.87360741	3.314612757	719	0.138610558	321.2882033	0	34.57902809	100.4876452	75.24280104	3.598842729	4	0	56	29.46642344	3.054647498	9.235250541	1.798196579	719	3.271186441	4.221603224
18	4	4	0.315344426	0.853749898	0	16	0.764705882	0	4.123105626	1.510727665	4.061552813	17	0	1.078212757	16	0.879255261	2.134374746	5	16	0	1.25	0.761750672	0	0.071075066	17	0.8530652	16.24621125	0	0	149.0093892	2.134374746	1.091410313	0	0	2	0	1.176470588	0	0.225147556	17	1	2.5
62	6	5	0.932472843	2.046841828	0	28.25	0.587301587	0.02991109	21.02379604	1.104352024	9.087272088	63	0	1.59730815	56.5	0.770256426	14.53184348	23	56.5	0	4.6	0.238822884	0	8.950183417	63	0.745170472	54.52363253	0	24.84325864	92.22040347	14.53184348	1.952816444	0	0	4	0	1.825396825	2.494860781	0.852137678	63	1.409090909	7.099641642
196	31	21.55026901	0.626671055	16.31287381	0	14.31034483	0	0.659100215	20.24845673	1.216872742	5.319556294	217	0	2.024452473	207.5	0.336287295	53.1219039	33.61271091	207.5	0	1.559735096	0.095882854	6.519788156	3.627542538	217	0.085955778	164.9062451	0	11.42623554	153.8228244	53.1219039	3.326336743	1	0	29	9.031195934	3.338078168	8.582663727	1.938496694	217	3.161290323	3.256440558
364	61	28.51238171	0.831624565	21.97948984	0	17.49152542	0.070745698	0.356414963	16	1.203410756	5.149731294	523	0	2.035144687	516	0.53003918	73.496001	69.2619924	516	0	2.429189996	0.065707955	10.85986376	2.893372667	523	0.017015303	314.1336089	0	16.08280784	113.4979172	73.496001	3.979152172	3	0	59	20.43232333	3.775954809	10.34951438	2.018129384	523	3.568627451	3.343844718
56	9	8.805862542	0.653368943	4.248292488	0	16	0.169811321	0.325005105	10.04987562	1.316316966	5.461034565	53	0	1.701988911	56	0.622195977	14.93722459	16.53095988	56	0	1.877267537	0.291306525	0	2.774750289	53	0.421287713	49.14931108	0	7.071067812	48.27269121	14.93722459	1.923047895	0	0	7	0	2.746591706	16.14121025	1.280701198	53	1.75	3.516053716
126	21	14.31486779	0.750819085	13.49954213	0	9.789473684	0.081632653	1.203915186	14.76482306	1.100732422	5.03676718	98	0	2.681917435	93	0.524747127	31.7392803	31.36306558	93	0	2.190943433	0.104457027	5.823289439	3.043439697	98	0.03065021	105.7721108	0	6.879251393	73.30575105	31.7392803	3.181980515	1	0	19	8.246211251	4.581205483	4.539553533	2.651267226	98	2.863636364	2.351137542
392	63	31	0.751840451	17.93128756	0	23.27868853	0.056653491	0.767653617	16.1245155	1.415257504	5.268562639	759	0	1.75639191	710	0.527551398	79.83843878	71	710	0	2.290322581	0.080982282	11.13720359	2.998014413	759	0.230834722	331.9194463	0	20.55789996	79.4890238	79.83843878	3.557174642	2	0	61	24.4604753	2.899868248	4.840121247	1.525557187	759	3.213114754	4.452465475
308	51	31.16229563	0.637579415	16.03059129	0	20.87755102	0.037593985	0.417682469	22.02271555	1.389094763	5.091522296	532	0	1.819478683	511.5	0.498815305	71.92038008	52.08283917	511.5	0	1.67134154	0.09532505	9.597454053	3.340348593	532	0.02821894	259.6676371	0	17.71962207	140.5919977	71.92038008	3.338373383	2	0	49	21.19106689	3.050791036	11.61467302	1.791259743	532	3.208333333	4.486445869
256	37	27.13011326	0.649380085	13.49100254	0	28.62857143	0.451676529	0.391644604	11.18033989	1.690722148	5.900869515	507	0	1.698353602	501	0.706707291	56.49052101	47.34909563	501	0	1.745259785	0.13206852	9.874080894	2.64391514	507	0.438811012	218.3321721	0	26.56214892	142.5523275	56.49052101	2.842339787	1	0	35	15.81070808	2.533700843	9.410703148	1.25954259	507	2.666666667	4.187273767
236	44	25	0.706390646	10.95100925	0	16.45238095	0.209439528	0.958627043	17.02938637	1.553094374	4.723181822	339	0	1.971975589	345.5	0.63704734	49.31543362	39	345.5	0	1.56	0.100524154	10.40624012	2.686868815	339	0.433527345	207.8200002	0	12.96185315	61.36663918	49.31543362	3.204440135	2	0	42	18.32394527	2.876106195	4.469052047	1.538448244	339	3.105263158	4.503277507
276	45	36.34083186	0.71173585	15.04683803	0	24.55813954	0.074954296	0.517213533	29.01723626	1.325059178	5.265198131	547	0	2.173383996	528	0.544153069	75.68560609	53.85355085	528	0	1.481901984	0.118188852	8.661187937	4.725405198	547	0.248324776	236.9339159	0	22.2557046	94.123531	75.68560609	2.950226961	2	0	43	15.99930258	3.577847964	4.665927766	1.92505922	547	2.816326531	5.030000718
96	18	12.6782809	0.682919491	5.248663194	0	22.38461539	0.533333333	0.263121304	10.44030651	1.602767336	4.592815214	150	0	1.618141834	151.5	0.772244502	21.50053528	26.13020785	151.5	0	2.061021369	0.27855229	8.162947982	3.256747487	150	0.622983555	82.67067386	0	24.1773526	117.5241064	21.50053528	1.959591794	1	0	13	8.162947982	2.208574101	10.11868744	0.995158279	150	1.777777778	4.096383114
62	8	9.160109237	0.761253972	3.340992767	0	38.5	0.683333333	0.391244021	14.03566885	1.599350714	6.811870146	120	0	1.337143738	115.5	0.813309316	17.33124909	19.87030567	115.5	0	2.169221474	0.488727014	0	4.18820454	120	0.65656702	54.49496117	0	23.01991891	81.0433614	17.33124909	1.41494994	0	0	6	0	1.516784754	11.7058202	0.680576718	120	1.24	5.187454838
112	20	13.96547845	0.859495606	10.42725588	0	14.27777778	0.122302158	0.303310828	9.219544457	1.171097053	4.733100134	139	0	1.927326477	128.5	0.540459617	31.00230606	31.76433326	128.5	0	2.27448944	0.180197519	5.573511612	2.126960549	139	0.364776476	94.66200268	0	7.077394024	128.6385155	31.00230606	2.374929003	1	0	18	8.704678531	3.191396488	11.29894716	1.562550002	139	2.153846154	2.973198935
160	28	21.00641841	0.632536607	12.96532895	0	17.80769231	0.088607595	0.349029214	13.03840481	1.377830132	4.764383392	237	0	2.099330587	231.5	0.535159739	40.49798118	34.58741037	231.5	0	1.646516302	0.163462668	7.472757655	3.302177873	237	0.03852797	133.402735	0	15.70403973	128.7108458	40.49798118	2.59827921	2	0	26	11.06923777	3.065643941	8.250674109	2.060802617	237	2.5	3.123559869
432	81	33.36659298	0.68858738	17.5414969	0	20	0.271794872	1.084091475	12.16552506	1.541508594	4.496335051	780	0	1.747551826	790	0.64498307	70.51541716	60.16221564	790	0	1.803067388	0.074840517	10.81845942	2.157604748	780	0.212930546	364.2031391	0	17.8439083	150.4196585	70.51541716	3.86702032	3	0	79	20.87159263	2.573600208	1.644252865	1.534621281	780	3.661016949	4.019920167
208	40	32	0.242785571	9.818792552	0	25.18421053	0.516949153	0.302523286	14.31782106	1.92489963	4.475805219	472	0	1.62897948	478.5	0.734173287	44.93999396	33	478.5	0	1.03125	0.187593013	11.56880639	2.565484438	472	0.374030785	179.0322088	0	24.45495888	113.8863097	44.93999396	2.393494007	3	0	38	17.83623346	2.237288136	11.5355751	1.254948695	472	2.311111111	4.576936901
300	39	29.82949884	0.804667259	9.208472841	0	63.16216216	0.594178082	0.352234945	15.13274595	1.682498684	6.260563986	1168	0	1.489633649	1168.5	0.765037368	79.81905742	73.90856549	1168.5	0	2.477700544	0.246302966	11.07083248	3.400496112	1168	0.322609367	244.1619954	0	62.90383631	110.4319499	79.81905742	2.19452151	2	0	37	16.59254351	1.88754749	6.636613926	1.167024282	1168	1.973684211	8.668001611
102	15	18	0.518446838	7.103488528	0	32.46153846	0.544186047	0.244529911	12.04159458	1.790903859	6.091024707	215	0	1.838815888	211	0.760258489	28.23687184	22	211	0	1.222222222	0.317626165	8.040146619	3.064675121	215	0.263692034	91.3653706	0	29.47649751	123.6915812	28.23687184	1.739085566	1	0	13	11.43002443	1.841860465	9.410756489	1.575123855	215	1.64516129	3.975071084
290	46	37.85816056	0.089291778	11.44686467	0	24.70454546	0.343396226	0.511343478	12.16552506	1.776949086	5.216393495	530	0	1.679844329	543.5	0.640254788	53.81721566	46.09605795	543.5	0	1.217598987	0.118615174	11.36218199	2.281836441	530	0.186548332	239.9541008	0	20.56760421	101.4635303	53.81721566	3.14919876	3	0	44	21.99581206	3.292664081	5.460532287	1.493295997	530	3.085106383	4.701480905
72	14	8.386190377	0.711741397	7.329491217	0	10.25	0.258064516	0.777292838	12.16552506	1.300674895	4.16844122	62	0	1.508262116	61.5	0.619097884	16.32929795	18.05285797	61.5	0	2.152688784	0.22691789	5.427050983	2.583041873	62	0.107922294	58.35817708	0	7.854139036	114.2323418	16.32929795	2.286002286	1	0	12	5.427050983	2.441850061	8.980749461	1.400339823	62	2	2.227889694
160	25	20	0.384984905	10.05845846	0	21.73913044	0.365079365	0.98936189	11.18033989	1.726918463	5.17496427	252	0	1.900592653	250	0.655613106	41.16624081	33	250	0	1.65	0.187690519	8.907849071	2.832060647	252	0.106323389	129.3741067	0	11.11683952	115.1981879	41.16624081	2.519763153	2	0	23	10.77250353	2.619047619	2.237869724	1.794269264	252	2.352941177	4.092698795
218	39	19.78261119	0.744816168	11.82360322	0	18.67567568	0.304597701	0.336669915	12.16552506	1.520355468	4.660892	348	0	1.411806967	345.5	0.619722333	50.24199598	38.5634527	345.5	0	1.949361099	0.13139469	6.931089486	2.031121966	348	0.185084539	181.774788	0	14.85434517	26.6085275	50.24199598	2.921506657	1	0	37	11.49694975	2.192200548	10.2606879	1.226722428	348	2.658536585	4.249296517
328	56	40	0.255480712	24.73717901	0	16.2962963	0	0.314893032	10.04987562	1.303700175	4.960875894	429	0	2.33651202	440	0.380124303	76.80196635	44	440	0	1.1	0.071640227	7.412988883	1.943865786	429	0.014868796	277.8090501	0	9.097475494	135.9483191	76.80196635	3.958997307	2	0	54	18.43305688	4.102564103	12.30821687	2.321643224	429	3.904761905	3.104718056
174	31	23	0.365664362	9.201973882	0	18.93103448	0.288256228	0.303458939	10.44030651	1.681884899	4.727305657	281	0	1.804298211	274.5	0.640950609	35.74713262	35	274.5	0	1.52173913	0.160615942	10.99226372	2.169715943	281	0.527832232	146.5464754	0	13.15669761	106.8360284	35.74713262	2.59499244	3	0	29	19.32842887	2.864768683	9.187561144	1.276465979	281	2.485714286	3.884724416
232	40	19.97139811	0.718167599	19.50971765	0	14.71052632	0.003533569	0.385996454	14.56021978	1.257927594	4.942303777	283	0	2.051475656	279.5	0.519962693	52.2309145	46.36632421	279.5	0	2.32163637	0.089866952	12.69452098	2.841746191	283	0.05216885	197.6921511	0	13.68423583	143.9019174	52.2309145	3.44774213	3	0	38	24.17039828	3.272085936	14.08892225	1.999306806	283	3.052631579	2.677174289
234	41	19.10125592	0.835847967	24.7185172	0	13.05128205	0.020408163	0.294659035	10	1.107020049	4.794281258	245	0	1.970967662	254.5	0.468476483	61.73524009	47.64722531	254.5	0	2.494455104	0.082769458	6.231804254	2.059184038	245	0.061616175	196.5655316	0	8.323426063	64.53105172	61.73524009	3.737427905	1	0	39	9.356108867	3.714783038	12.64412664	1.909351486	245	3.342857143	2.497530074
218	40	24.42031777	0.260760443	13.5750859	0	15.60526316	0.007092199	0.402950704	14.03566885	1.47530236	4.733784658	282	0	1.982851361	296.5	0.505070383	39.35199716	37.50292214	296.5	0	1.535726214	0.103916563	9.882944814	2.734636865	282	0.142946589	189.3513863	0	12.42353343	51.90304134	39.35199716	3.245427771	2	0	38	18.55974001	3.24763573	13.9572699	1.839904772	282	3.114285714	2.898839642
670	109	55	0.420296713	29.65367154	0	19.3364486	0	0.313750552	13.15294644	1.426973406	4.944427224	1046	0	2.159749393	1003	0.456044772	109.1686	81	1025.5	1	1.472727273	0.043392334	14.25287858	2.451827922	1046	0.014044641	538.9425675	0	16.84394782	82.80433987	109.1686	5.179036468	3	0	107	37.90503242	4.259082218	11.42584861	2.145704753	1046	5	3.681453064
32	7	3.188495591	0.918458817	4.52314207	0	8.4	0.727272727	0.332509322	10.04987562	1.106494088	3.990790969	22	0	1.255156255	21	0.757756318	9.339299138	12.40126663	21	0	3.889378635	0.338144485	0	3.428194668	22	0.773982252	27.93553679	0	7.499333304	104.7256521	9.339299138	1.705605731	0	0	5	0	1.797335635	8.285754528	0.481174003	22	1.230769231	2.064781294
64	9	5.17755127	0.953685529	5.096443093	0	21.28571429	0.507246377	0.146388612	12.04159458	1.052664073	6.200015511	69	0	1.348715841	74.5	0.722336455	19.17380999	24.06170336	74.5	0	4.647313394	0.300664918	0	3.279448677	69	0.432657632	55.8001396	0	4.462999815	104.9791575	19.17380999	1.926173649	0	0	7	0	1.805517432	5.241459709	0.916058209	69	1.454545455	3.762194463
104	5	4.85298627	0.989743341	3.512706401	0	85.33333333	0.509803922	0	42.19004622	0.764197674	18.46508218	102	0	1.483671866	128	0.703104722	28.83006555	44.28167334	128	0	9.124623659	0.188696796	0	16.44083103	102	0.580843252	92.32541092	0	38.72409528	95.52782526	28.83006555	2.574383612	0	0	3	0	2.106846595	0.086655362	0.902828613	102	1.485714286	8.207365564
354	61	37.81016722	0.654876145	20.33075742	0	21.66101695	0	0.333853354	14.14213562	1.308632969	4.668345642	609	0	2.359150374	627	0.436120989	88.36331921	65.21055537	639	1	1.724683072	0.097158079	8.473431329	2.531796092	609	0.034617792	284.7690842	0	20.45384235	43.63370744	88.36331921	3.586200976	4	0	59	15.10520515	4.048640399	10.85432853	2.324532582	609	3.403846154	4.346287618
58	12	8.41011912	0.762689522	8.149082991	0	11.9	0.31147541	0.083072782	9.486832981	1.359300477	4.076900646	61	0	1.435351506	59.5	0.642347644	14.87126228	17.63470226	59.5	0	2.096843339	0.312385792	3.730280052	2.267288599	61	0.52843859	48.92280775	0	9.679359483	34.57715075	14.87126228	1.856534759	1	0	10	5.533985905	2.431310601	3.868077654	0.906912916	61	1.611111111	1.82490009
90	9	8.506746767	0.856847555	7.029488473	0	25.28571429	0	0.156735005	15.29705854	0.929501452	7.972526763	74	0	2.23957123	88.5	0.46408248	25.21923522	30.83275097	88.5	0	3.624505562	0.216004767	0	4.122337825	74	0.081791186	71.75274087	0	10.19403587	39.3978393	25.21923522	2.615571872	0	0	7	0	3.544410873	2.738427781	2.157780044	74	2.045454546	3.58763448
524	76	47.95315547	0.273406767	26.24751347	0	27	0	0.448384958	21	1.53825642	5.583168974	977	0	1.967847399	978	0.435638848	105.6266339	68.19244975	999	1	1.422063868	0.068256998	12.37452595	3.160052826	977	0.199251542	424.320842	0	26.29972767	2.396809952	105.6266339	4.191061307	4	0	74	22.85176841	3.347024713	9.606751001	1.768595857	977	4.030769231	4.024252966
206	34	9.435909793	0.96960571	24.32903999	0	11.75	0.150259067	0.266798867	12.20655562	0.845627214	5.033650727	193	0	1.850539258	188	0.570773874	56.36305994	55.09708453	188	0	5.839085551	0.080654929	6.549935553	2.733186908	193	0.022678715	171.1441247	0	9.480242613	153.192303	56.36305994	3.707051116	1	0	32	8.623043695	2.69373637	6.265164061	1.827860542	193	2.575	2.31669889
36	5	9	0.220242512	1.006593457	0	39.66666667	0.803278689	0	8.062257748	1.851221387	6.073814107	61	0	1.220066133	59.5	0.898636937	5.536573916	9	59.5	0	1	0.810682915	0	1.971288345	61	0.916596315	30.36907054	0	16.97710877	133.3405212	5.536573916	1.152331919	0	0	3	0	1.327868853	7.692164138	0.303469819	61	1.125	5.500307873
420	62	41	0.180634706	19.68945903	0	24.5	0.023319616	0.268412771	13.03840481	1.634173325	5.564946434	729	0	1.686421609	735	0.50604358	83.90026233	43	735	0	1.048780488	0.077585228	10.93210087	2.715906434	729	0.051196058	345.0266789	0	21.89254059	30.8529326	83.90026233	3.888888889	2	0	60	19.61859322	2.418381344	8.087492724	1.635225551	729	3.818181818	4.261176613
660	114	48.94066244	0.453391007	40.21165378	0	14.16071429	0	0.365732309	13.34166406	1.098236307	4.871472436	783	0	2.442664616	793	0.234129138	117.5554572	72.37187007	793	0	1.478767685	0.032310229	14.89315778	2.421581102	783	0.032521989	555.3478577	0	11.88002042	72.85332042	117.5554572	5.896618942	5	0	112	54.98896453	4.52353418	12.91766144	2.410142627	783	5.593220339	2.92341762
222	40	15	0.937325522	23.38471188	0	12.34210526	0	0.480951019	14.14213562	0.907270707	4.780259733	255	0	2.338230347	234.5	0.475184987	65.30033717	61	234.5	0	4.066666667	0.080596639	7.777780776	2.810076536	255	0.170114101	191.2103893	0	9.429171744	90.34437063	65.30033717	3.475544816	1	0	38	9.933620549	3.588235294	7.762923488	2.168116246	255	2.707317073	2.792437107
30	5	7	0.192171667	1.011038717	0	28.33333333	0.857142857	0	7.071067812	1.760805377	5.117587469	42	0	1.07860279	42.5	0.863258511	4.909064683	8	42.5	0	1.142857143	0.815671763	0	1.806342469	42	0.894679928	25.58793735	0	14.61354015	106.625611	4.909064683	1.157275125	0	0	3	0	1.333333333	7.192361934	0.183922862	42	1.071428571	4.855466564
166	30	29	0.15554315	6.711301484	0	35.60714286	0.644710579	1.096591818	12.52996409	2.035822156	4.70271513	501	0	1.586385851	498.5	0.800551663	38.35036076	37	498.5	0	1.275862069	0.314718567	11.73682195	2.782544805	501	0.447458152	141.0814539	0	44.99709458	179.4970926	38.35036076	1.854083264	2	0	28	17.5089263	2.141716567	6.032907909	1.138927699	501	1.804347826	5.714295632
88	13	17.466572	0.232042079	3.635100487	0	41.63636364	0.691629956	0.352626598	15.26433752	1.999504517	5.695129042	227	0	1.353878406	229	0.83280844	24.32574114	23.3086209	229	0	1.334470262	0.524975088	10.1920987	3.94072294	227	0.751336419	74.03667755	0	32.94147076	165.7869377	24.32574114	1.460191286	1	0	11	10.76162163	1.793487688	5.292150076	0.602541987	227	1.375	6.691903354
184	25	17.39017373	0.873482925	8.461241416	0	37.30434783	0.530232558	0.341031079	27.07397274	1.441888584	6.333127528	430	0	1.621654249	429	0.743734482	50.00084837	54.65030554	429	0	3.14259687	0.215049216	9.766594433	5.144930323	430	0.593896679	158.3281882	0	53.54756909	4.093257391	50.00084837	2.218316982	1	0	23	13.1900855	2.210182111	3.906579648	1.02775757	430	1.87755102	5.909398623
310	42	20.96304742	0.831526249	16.63950714	0	29	0.390243902	0.358446709	24.08318916	1.421033294	6.279991127	574	0	1.741413796	580	0.674265152	83.61250076	60.9720886	580	0	2.908550812	0.104763116	10.24564367	4.932697972	574	0.085063143	263.7596273	0	32.0413795	89.32103909	83.61250076	3.234787501	1	0	40	26.60641218	2.226760949	7.167355753	1.656350654	574	2.767857143	5.024938544
144	17	23	0.477805587	16.32663297	0	19.13333333	0	0.43152805	21.02379604	1.122245818	7.604627806	138	0	2.530047437	143.5	0.206116314	51.46184947	23	143.5	0	1	0.107893477	3.889087297	5.343710151	138	0.034051965	129.2786727	0	6.974875547	23.46006293	51.46184947	3.064523511	1	0	15	3.889087297	3.833333333	6.036910172	2.495995472	138	3	3.152018519
58	7	10	0.444840046	4.642760653	0	27.8	0.2	0.356748895	12	1.474534096	7.262238677	70	0	1.624754781	69.5	0.595866006	14.4628638	12	69.5	0	1.2	0.337944003	0	3.235717998	70	0.208373016	50.83567074	0	16.56985214	81.01085619	14.4628638	1.733081484	0	0	5	0	1.714285714	8.851459913	1.416381765	70	1.611111111	3.115143098
244	28	19.3232238	0.882016819	17.58489824	0	26.19230769	0.021406728	0.252990004	19.02629759	1.12939483	7.335032803	327	0	1.991977115	340.5	0.53834175	58.19273998	53.80804764	340.5	0	2.784630981	0.101436438	18.04284886	4.957314932	327	0.128375926	205.3809185	0	29.50100289	109.3827765	58.19273998	3.373307708	1	0	26	25.00152941	3.179648155	4.967507845	1.863601189	327	2.904761905	3.309245194
256	35	17.90501825	0.951973212	17.43822264	0	25.75757576	0	0.179865092	16.15549442	0.911230964	6.20008667	417	0	2.092718731	425	0.467777837	71.54031446	74.51340843	425	0	4.161593549	0.11341079	8.495653365	3.483416109	417	0.030918157	217.0030335	0	19.14384196	134.6708096	71.54031446	3.134093484	1	0	33	13.70447007	3.199433903	5.512877346	2.061800575	417	2.41509434	4.102500349
386	59	23.31925694	0.890596868	19.72671493	0	26.8245614	0.375	0.950114516	22.36067978	1.257598838	5.618713317	768	0	1.647606299	764.5	0.688706739	91.75276858	87.11786294	764.5	0	3.735876454	0.087417176	10.4526575	3.707805326	768	0.014565117	331.5040857	0	27.18043853	6.148275916	91.75276858	3.482143811	2	0	57	29.35509506	2.64521332	1.665766588	1.633041182	768	2.797101449	4.651193516
538	65	41	0.782997488	28.86095903	0	22.6984127	0	0.413319677	30.14962686	0.936042834	7.263651595	770	0	2.590588416	715	0.231552522	132.0986593	82	715	0	2	0.040305691	12.35991558	5.826339382	770	0.031622454	472.1373537	0	18.61014821	85.34778939	132.0986593	4.847043549	3	0	63	30.17232321	4.366233766	6.524158227	2.558965962	770	4.483333333	4.577071024
20	4	3	0.689655306	0.666666667	0	21	1	0	7	1.432733523	5	21	0	1	21	1	2.538591035	7	21	0	2.333333333	0.659715	0	2.309401077	21	1	20	0	0	179.9854646	2.538591035	1.091089451	0	0	2	0	1	0	0	21	1	3.807886553
112	15	18	0.598578188	6.507203168	0	27.61538462	0.359116022	0.376315586	11.40175425	1.52042287	6.259488915	181	0	1.931643499	179.5	0.653385744	31.02687726	30	179.5	0	1.666666667	0.25585932	10.5306167	3.142814684	181	0.41756602	93.89233372	0	22.57138577	91.37524105	31.02687726	2.08122361	1	0	13	10.5306167	2.983425414	8.507114277	1.51407748	181	1.931034483	4.768081841
272	37	22.76621835	0.653877054	9.079608164	0	31.17142857	0.329749104	0.179424505	24.18677325	1.574701742	6.255089323	558	0	1.756331866	545.5	0.598383639	59.06542318	52.36768016	545.5	0	2.300236225	0.127973878	13.89490932	4.177760997	558	0.05320616	231.4383049	0	28.98126066	87.9071495	59.06542318	2.878669545	2	0	35	34.80568857	2.136584303	5.592741869	1.703125706	558	2.615384615	6.505283279
250	39	29	0.40373044	23.03430112	0	13.05405405	0	0.415702972	25.3179778	1.146756552	5.735999739	238	0	2.59057087	241.5	0.337661463	65.32159383	41	241.5	0	1.413793103	0.060641053	8.522240352	4.726281426	238	0.194295695	223.7039898	0	13.27453556	29.19678786	65.32159383	4.051273272	2	0	37	14.01640351	4.995798319	10.24193518	2.396275176	238	3.90625	2.835840058
60	10	12	0.140958685	4.192469683	0	24.25	0.663366337	1.166550867	10.04987562	1.884207607	5.188758277	101	0	1.322168946	97	0.797097737	12.64100496	15	97	0	1.25	0.452732749	7.678009635	2.230293339	101	0.66337231	51.88758277	0	14.88077619	140.6085258	12.64100496	1.492555785	1	0	8	8.459462158	1.782178218	-5.080597447	0.658796636	101	1.428571429	3.015169081
42	7	6.24696583	0.728789458	2.24988639	0	25	0.719298246	0.14167019	8.602325267	1.568628667	5.061536056	57	0	1.272219162	62.5	0.855929988	10.48837731	14.49972362	62.5	0	2.321082588	0.62562821	0	2.603394236	57	0.764959093	35.43075239	0	16.09968944	60.98432761	10.48837731	1.390758975	0	0	5	0	1.58911014	4.708457486	0.507260068	57	1.235294118	4.66173641
230	36	27.59740034	0.588732039	14.77953307	0	22.58823529	0.12565445	0.852063473	20	1.441972154	5.282118476	382	0	2.044678551	384	0.57714824	56.80678398	45.64920755	384	0	1.654112597	0.133446443	7.428480816	3.535825136	382	0.019754096	190.1562651	0	29.86943908	115.705911	56.80678398	2.941955933	1	0	34	12.4085929	3.297904335	2.809874779	2.024924456	382	2.738095238	3.843611549
92	16	10.99911432	0.765946678	9.698546007	0	11.14285714	0.189873418	0.384785263	16.40121947	1.189118426	4.935311075	79	0	2.0257315	78	0.594965737	21.98457269	24.38195673	78	0	2.216720004	0.157189173	7.804861255	3.690377338	79	0.443761803	78.9649772	0	13.44224228	126.1083915	21.98457269	2.587702172	1	0	14	12.3214859	3.394682649	9.251804228	1.581969697	79	2.3	2.266790576
18	5	4	0.194304276	1.077006164	0	12	1	0	4	1.547378978	3.315298245	18	0	1	18	0.915439156	3.169423478	5	18	0	1.25	0.823160163	0	1.1229412	18	1	16.57649122	0	5.65685425	90.09719533	3.169423478	1.060660172	0	0	3	0	1.111111111	2.450098337	0	18	1	2.942809042
48	12	6	0.715285604	5.6798783	0	8.5	0.302325581	1.170682838	7.280109889	1.316696038	3.472430968	43	0	1.42366894	42.5	0.663938342	12.6707869	13	42.5	0	2.166666667	0.307578696	3.232711503	1.516775231	43	0.392558655	41.66917161	0	5.315072906	93.26913499	12.6707869	1.829982844	1	0	10	3.807886553	1.813953488	-14.89478583	1.031110286	43	1.6	2.230820139
114	19	12.21939606	0.69615099	10.55836185	0	13.88235294	0.035087719	0.266956731	10.44030651	1.284736759	5.004001433	114	0	1.76159183	118	0.497869304	29.33401091	26.00034041	118	0	2.127792592	0.164035184	7.851401843	2.312279101	114	0.303313693	95.07602723	0	11.05538119	65.34077155	29.33401091	2.669269563	2	0	17	9.897191173	2.78691629	8.201706296	1.458278136	114	2.375	2.778272931
36	4	7	0.578362382	0.679869268	0	47.5	0.740740741	0	11.18033989	1.685595914	7.513084419	54	0	1.226299144	47.5	0.831529069	3.80058475	11	47.5	0	1.571428571	0.660897555	0	3.377091948	54	0.755910212	30.05233768	0	3.5	16.2198176	3.80058475	1.224744871	0	0	2	0	1.425925926	0	0.470388932	54	1.125	5.590169944
28	7	6	0.596624954	2.696326122	0	10.4	0.461538462	0.178440726	7.071067812	1.437521486	3.658341	26	0	1.440613567	26	0.708184722	5.893988834	7	26	0	1.166666667	0.49820256	3.473110997	2.013114829	26	0.364396776	25.608387	0	5.388877434	111.155786	5.893988834	1.372812946	1	0	5	3.473110997	1.615384615	21.58192611	1.076216791	26	1.272727273	2.185933217
128	20	19.86680765	0.363869312	6.825983621	0	28.77777778	0.523076923	0.286875737	11.18033989	1.867453656	5.385020721	260	0	1.390027464	259	0.767064704	35.19203925	24.80230485	259	0	1.248429305	0.280583463	7.328585468	2.920265279	260	0.169947992	107.7004144	0	21.59360902	148.6302099	35.19203925	1.984555753	1	0	18	9.626017987	1.895163922	13.87343207	1.220079472	260	1.882352941	5.155599722
68	13	7.873625521	0.81992216	8.374433988	0	13.72727273	0.324675325	0.384242662	9.055385138	1.30788119	4.496824159	77	0	1.418616522	75.5	0.659434998	22.20294168	22.28468172	75.5	0	2.830294845	0.277616638	4.776243294	2.219636649	77	0.521093013	58.45871407	0	7.046480864	95.44165602	22.20294168	1.9373298	1	0	11	4.776243294	2.278717386	9.966963483	0.89752351	77	1.619047619	2.651276696
196	32	28	0.480032745	8.687269358	0	30.96666667	0.365426696	0.750410999	14	1.798307326	5.146685968	457	0	1.71756515	464.5	0.69583288	53.21221699	34	464.5	0	1.214285714	0.215192671	7.598957642	2.807662059	457	0.130490364	164.693951	0	33.325149	126.0310619	53.21221699	2.292123322	2	0	30	9.254044726	2.083150985	3.795520738	1.587074786	457	2.227272727	6.125309899
326	51	43	0.30224606	17.64659801	0	25.67346939	0.111111111	0.763355116	16	1.594450825	5.215357152	621	0	2.024833149	629	0.562298074	77.08909902	43	629	0	1	0.111722138	11.60742364	2.686270792	621	0.0437986	265.9832148	0	26.3302323	45.96815088	77.08909902	3.270482342	4	0	49	19.41231543	2.977455717	8.496648305	1.981034549	621	3.26	4.368496352
150	21	21.44144639	0.482799241	6.047943108	0	54.36842105	0.613636364	0.220310877	16.03121954	1.966962849	5.8506301	528	0	1.323269083	516.5	0.8106941	44.27406914	42.31809606	516.5	0	1.973658647	0.429955501	9.523066628	3.472554363	528	0.49832732	122.8632321	0	52.57396847	120.2856934	44.27406914	1.631978025	1	0	19	13.65729609	1.718487098	6.903680935	0.824941763	528	1.5	7.320516802
70	12	13.08202279	0.500194465	4.722051207	0	18.6	0.326530612	0.411226225	9	1.556268679	5.179794405	98	0	1.661547622	93	0.662925822	15.72784538	16.65241791	93	0	1.272923781	0.302477077	7.766973042	2.04576634	98	0.098957086	62.15753286	0	13.56613431	116.4099451	15.72784538	1.767766953	1	0	10	7.766973042	2.222931742	15.12369164	1.562590537	98	1.666666667	3.330723174
222	22	23.4733575	0.7712169	14.8183867	0	19.4	0	0.392953391	22.20360331	0.94493028	8.07722107	198	0	2.674268768	194	0.354613592	50.79586143	51.12131343	194	0	2.177844112	0.077202166	8.111394899	5.583508861	198	0.113727538	177.6988635	0	15.13406753	111.2561848	50.79586143	3.944213253	1	0	20	11.70187391	6.060549828	5.144069815	2.56054123	198	3.580645161	3.427894174
166	23	24	0.485688287	10.49101894	0	20.61904762	0.082926829	0.383496382	17.11724277	1.444295768	6.048790797	205	0	2.193793145	216.5	0.537111462	38.08988569	27	216.5	0	1.125	0.140560132	8.645303855	4.025368348	205	0.205508458	139.1221883	0	13.42519377	115.6418719	38.08988569	2.898485727	2	0	21	13.70780443	3.16097561	11.26525294	1.988284686	205	2.766666667	3.63071365
186	24	24.07720303	0.4979665	6.943724983	0	36.63636364	0.442455243	0.443416601	9.486832981	1.793482037	6.282788181	391	0	1.568884343	403	0.727974481	33.3771236	35.99831483	403	0	1.495120292	0.222727982	13.64876773	2.383254482	391	0.543211998	150.7869163	0	25.52814036	127.4332481	33.3771236	2.351606079	2	0	22	17.89204396	2.216723108	8.186443564	1.025672345	391	2.214285714	4.806803794
86	17	11.92863976	0.646433911	9.028382917	0	13.53333333	0.31372549	0.209962211	7.071067812	1.446393019	4.392539644	102	0	1.631219918	101.5	0.62558012	19.95647639	22.40916331	101.5	0	1.878601733	0.228735659	6.053316676	1.499898394	102	0.165286307	74.67317395	0	7.365384504	122.1058434	19.95647639	2.128817217	1	0	15	6.833958577	2.620694474	10.59474318	1.465933611	102	1.954545455	2.210415372
42	8	6.699484261	0.710966272	1.91598188	0	19.66666667	0.762711864	0.061339382	6.32455532	1.602885528	4.507053561	59	0	1.080995785	59	0.844003099	8.058087349	14.42718812	59	0	2.153477426	0.570274109	0	1.831928943	59	0.756998895	36.05642849	0	11.84154645	44.41902956	8.058087349	1.366983565	0	0	6	0	1.638215589	3.83757701	0.32399689	59	1.166666667	4.205722108
300	50	25.61941317	0.688469163	23.90305888	0	17.27083333	0.134615385	0.359721337	20	1.371504968	5.157054672	416	0	1.854158347	414.5	0.587580053	82.83290967	48.29861661	414.5	0	1.885235087	0.078339016	12.09352945	3.441165427	416	0.014515875	257.8527336	0	20.36719133	78.92778436	82.83290967	3.677177534	3	0	48	21.88780291	2.974476477	11.35898638	1.839642472	416	3.409090909	3.4653686
192	40	17.63485134	0.7511361	38.87609772	0	7.447368421	0	0.305782765	15	0.856541685	4.397312271	142	0	2.829478424	141.5	0.087871485	76.17010581	37.55914492	141.5	0	2.129824867	0.057472342	2.402411564	4.00174895	142	0.049407301	175.8924908	0	5.575781127	4.984340762	76.17010581	4.02807052	1	0	38	3.33113883	4.664436178	6.43253024	2.780071123	142	3.555555556	1.95930431
30	5	6	0.522952085	1.3664797	0	28	0.65	0	9	1.627873791	5.44222051	40	0	1.286212679	42	0.845372918	6.193224275	9	42	0	1.5	0.712777641	0	2.911665314	40	0.735109965	27.21110255	0	18.54723699	69.27115548	6.193224275	1.185854123	0	0	3	0	1.35	2.281124745	0.551102714	40	1.071428571	4.532247551
272	39	22.69111678	0.676786381	15.37804434	0	17.43243243	0.049382716	0.761597284	12.64911064	1.425075443	5.426307895	324	0	1.803405566	300	0.543950378	54.84798012	41.50535152	322.5	1	1.829145384	0.084174439	11.56656293	2.779871839	324	0.350542518	211.6260079	0	18.68449356	31.2172602	54.84798012	3.777777778	2	0	37	12.82696171	2.906798699	9.825616612	1.452863048	324	3.487179487	3.566642085
74	8	5.024069427	0.96395475	6.687702166	0	27.16666667	0.540229885	0.132940613	12.52996409	1.0462287	7.663688845	87	0	1.324986237	81.5	0.78042934	22.39573966	27.56768824	81.5	0	5.487123266	0.272457623	0	3.50801096	87	0.636799915	61.30951076	0	5.75663868	161.0602268	22.39573966	1.983408189	0	0	6	0	1.591976778	3.150227683	0.688186322	87	1.423076923	3.348794415
100	18	10.57614641	0.884175029	8.767803504	0	18.5625	0.356643357	0.279739949	10.04987562	1.250190304	4.542033495	143	0	1.602739196	148.5	0.636151116	29.36749287	28.9348537	148.5	0	2.73585979	0.279175841	4.944425158	2.12352054	143	0.112531449	81.75660291	0	15.60836615	80.261824	29.36749287	2.090605025	1	0	16	5.273755777	2.139994749	8.497294756	1.490207747	143	1.785714286	3.349469779
228	38	19.94581925	0.636916339	25.26883268	0	12.83333333	0	0.793412249	14.03566885	1.282384841	5.07117061	243	0	1.955757824	231	0.43288424	61.69695587	37.03212442	231	0	1.856635918	0.078167352	5.937853355	2.764459228	243	0.153056318	192.7044832	0	12.41079279	156.1900223	61.69695587	3.656551705	1	0	36	8.659000569	3.039654568	8.906597905	1.802701506	243	3.352941177	2.441622716
204	27	16	0.730400213	17.47493569	0	13.36	0.105882353	1.068695558	16	1.26720639	6.166865902	170	0	1.939160033	167	0.528449495	36.7935557	34	167	0	2.125	0.075693221	11.84368862	3.788564035	170	0.115810611	166.5053794	0	9.452534052	177.6008317	36.7935557	3.911521443	1	0	25	17.59509288	3.2	-0.161806637	1.823349422	170	3.517241379	2.105504499
80	9	7.613028871	0.884182289	3.635366133	0	36.71428571	0.677419355	1.470265256	14.86606875	1.394835528	7.233976697	124	0	1.352570126	128.5	0.832510106	19.73622978	26.25737422	128.5	0	3.449004944	0.380943838	4.609772229	4.514230699	124	0.565755293	65.10579027	0	32.25219499	19.13823043	19.73622978	1.79605302	1	0	7	4.609772229	1.612081839	-5.502904899	0.786814833	124	1.481481482	5.428952423
90	17	12.88790833	0.115596031	8.107887422	0	10.53333333	0.191011236	0.339903428	10.19803903	1.538726076	4.468801954	89	0	1.61264123	79	0.577901787	22.327475	15.79015484	79	0	1.22519143	0.172006194	4.595381827	2.007902429	89	0.075502175	75.96963322	0	6.375648115	75.86675613	22.327475	2.38499523	1	0	15	5	2.28654009	17.12903166	1.537139055	89	2.25	2.753796869
40	8	7.515895398	0.402294625	3.200149017	0	13.83333333	0.488372093	1.228120639	7.615773106	1.551766666	4.099703649	43	0	1.404571799	41.5	0.721273383	9.810739941	10.46695754	41.5	0	1.39264279	0.484797363	0	1.75415588	43	0.372537755	32.79762919	0	4.412734098	14.72326429	9.810739941	1.524985703	0	0	6	0	1.829501349	-3.839284364	1.032034044	43	1.428571429	3.065713468
444	77	44.18420713	0.340011326	28.3124272	0	19.45333333	0	0.911998846	17.02938637	1.35736625	4.929994933	745	0	2.320527383	729.5	0.449554569	87.29956213	64.37281351	729.5	0	1.45691906	0.063613304	14.52922557	2.810990055	745	0.076443748	379.6096099	0	21.59524227	75.21049645	87.29956213	4.066725345	5	0	75	36.33033398	3.817800974	5.315393745	2.244083635	745	3.964285714	3.083436172
78	8	12.75665783	0.268903029	4.436926681	0	38.83333333	0.584	0.277938149	18.43908892	1.823496841	8.038300641	125	0	1.535159227	116.5	0.820242111	17.51338136	18.45513244	116.5	0	1.446705923	0.354009174	0	5.114206858	125	0.100265576	64.30640513	0	26.71090081	168.6132042	17.51338136	1.744133022	0	0	6	0	1.883406478	15.90155128	1.43489365	125	1.625	3.94718746
108	14	14.22152538	0.725444884	5.639883143	0	28.66666667	0.469879518	0.352282535	16	1.496908605	6.486906099	166	0	1.69886195	172	0.686126109	28.74202234	29.31412733	172	0	2.061250573	0.262056061	9.963254715	3.291956276	166	0.520182914	90.81668539	0	15.45063825	131.0119188	28.74202234	2.095606419	1	0	12	9.963254715	2.511395216	9.232049023	1.178679036	166	1.928571429	5.096208842
116	14	12.94708998	0.825668822	4.071733975	0	22.5	0.510204082	0.375770622	28	1.305403279	7.126473824	147	0	2.370805311	135	0.702507613	25.16382545	37.25449286	135	0	2.877441411	0.170421885	4.872004574	7.162870029	147	0.588005009	99.77063354	0	22.92923898	153.7393496	25.16382545	2.391879687	1	0	12	5.147815071	3.281205927	9.575425572	1.782800302	147	2	6.180125128
102	12	23	0.403197401	3.883920947	0	63.8	0.6485623	0.310783649	15	1.977138861	7.399466104	313	0	1.616178961	319	0.811884237	29.02429305	24	319	0	1.043478261	0.508422166	12.66495599	3.896091474	313	0.634005858	88.79359325	0	64.58451827	135.3425831	29.02429305	1.441345218	1	0	10	14.80316034	1.763578275	5.753992842	0.982173102	313	1.378378378	7.472936101
228	25	28	0.545054323	31.08292983	0	21.39130435	0	0.959468403	27.01851217	1.092033332	7.784218263	246	0	2.42813031	246	0.350545425	63.53249802	41	246	0	1.464285714	0.081624801	14.05237811	6.248828727	246	0.062004292	194.6054566	0	21.16547462	1.463046382	63.53249802	3.634187265	1	0	23	14.99656153	4.666666667	3.820528679	2.366126018	246	3.5625	2.043967489
116	17	23	0.114660092	4.672596834	0	44.13333333	0.716814159	0.252355061	16.2788206	2.105113581	5.776428215	339	0	1.357169078	331	0.858237335	27.49868684	27	331	0	1.173913044	0.431328788	13.06415835	4.30667295	339	0.673373775	98.19927965	0	47.40023441	136.1800317	27.49868684	1.575063795	2	0	15	19.04838579	1.831858407	10.09843998	0.683795303	339	1.567567568	5.885097262
88	11	14	0.417222915	4.551306839	0	32.33333333	0.44516129	0.367355365	17.02938637	1.738257509	7.032760402	155	0	1.858673095	145.5	0.703738819	21.54441575	22	145.5	0	1.571428571	0.305508315	9.459196609	4.668437558	155	0.505111872	77.36036443	0	28.87136221	145.2983088	21.54441575	1.767082524	1	0	9	11.62970335	1.987096774	10.43862734	1.353561222	155	1.692307692	4.733676836
96	18	13.33334882	0.509208634	17.42229086	0	8.75	0	0.352862592	11.40175425	1.165652316	4.672146157	79	0	2.028973889	70	0.408076099	32.47187772	22.57761789	70	0	1.693319374	0.124370461	0	2.839624097	79	0.144011631	84.09863082	0	7.685213075	15.08257199	32.47187772	2.700210962	0	0	16	0	3.810572846	17.95284966	1.884962258	79	2.52631579	1.863812169
72	13	10	0.787280817	5.207003557	0	22.18181818	0.442622951	0.423368461	12	1.530140313	4.995283781	122	0	1.471915365	122	0.734644833	21.77436849	22	122	0	2.2	0.363538031	4.565178047	2.881157455	122	0.411960186	64.93868915	0	8.952584003	165.4507966	21.77436849	1.629643429	1	0	11	5.550900828	1.803278689	12.97317567	1.059955179	122	1.44	4.181746421
54	11	11.73760032	0.344358148	3.005517503	0	25.55555556	0.727272727	0.195301238	9.055385138	1.898366834	4.257833916	110	0	1.15294064	115	0.838831591	13.99679828	15.25801322	115	0	1.299926118	0.658767388	7.159482393	2.204072453	110	0.667961173	46.83617308	0	14.69777845	72.66595943	13.99679828	1.287174496	1	0	9	7.945190394	1.62811328	6.88099008	0.484979466	110	1.227272727	4.65703436
48	18	9	0.060466059	10.19239676	0	4.4375	0.176470588	1.317922975	5.099019514	1.378945693	2.250070115	34	0	1.727625211	35.5	0.576997801	15.84247474	9	35.5	0	1	0.271949519	4.279410722	1.209504532	34	0.369596281	40.50126206	0	3.390588998	71.70411158	15.84247474	2.057983022	1	0	16	4.279410722	2.382352941	4.756350238	1.35802893	34	2	1.55434243
74	13	11	0.567833297	4.359654547	0	19	0.376146789	0.075921405	9	1.600018556	5.028136072	109	0	1.489815675	104.5	0.668850641	16.05174082	19	104.5	0	1.727272727	0.307335407	9.176864631	2.333309869	109	0.567102144	65.36576893	0	9.234323325	9.86888933	16.05174082	1.771978628	2	0	11	9.25802262	1.917431193	6.525656844	0.92271353	109	1.681818182	3.681883656
356	65	45	0.263546281	14.74128379	0	27.46031746	0.197183099	0.729352489	14.03566885	1.677670451	4.734465904	852	0	1.727265355	865	0.589897858	83.91292468	50	865	0	1.111111111	0.11477425	9.266403136	2.232620795	852	0.011707661	307.7402838	0	22.63711337	109.6420841	83.91292468	3.049089759	3	0	63	20.99442878	2.64084507	4.139725816	1.715557694	852	3.016949153	5.692375634
440	71	39.17188963	0.620329682	14.99863225	0	38.50724638	0.615044248	0.350086339	12.36931688	1.881093045	5.088635543	1356	0	1.531814581	1328.5	0.770417066	95.4250938	77.70451063	1328.5	0	1.983680424	0.127890776	16.95993427	2.418709721	1356	0.50603074	361.2931236	0	58.28133248	80.04103372	95.4250938	2.987189956	5	0	69	33.16700102	2.244714244	6.925586163	1.025783841	1356	2.784810127	6.362253052
262	47	19.69258879	0.609434938	24.51615912	0	14.17777778	0.131498471	0.6818405	13.03840481	1.473090123	4.843400416	327	0	1.634493503	319	0.596294268	70.97075738	39.95268008	319	0	2.028818075	0.077355513	6.591533898	2.455912137	327	0.017913438	227.6398195	0	9.051185039	88.28700474	70.97075738	3.622158277	1	0	45	10.22808918	2.406029663	9.348288807	1.616580065	327	3.358974359	2.894856288
44	8	11	0.053394305	2.287395182	0	24.16666667	0.698630137	0.324533378	7.071067812	1.845105188	4.575823812	73	0	1.263250884	72.5	0.80859184	9.927803846	11	72.5	0	1	0.679855319	6.020797289	1.625453411	73	0.73642172	36.6065905	0	10.30237297	169.3012135	9.927803846	1.287452619	1	0	6	6.020797289	1.657534247	11.70117408	0.526829164	73	1.222222222	4.340222417
48	6	10	0.222201916	2.422404545	0	38.5	0.769230769	0.023914149	11.18033989	1.849328843	6.482405152	78	0	1.163717602	77	0.815967154	9.940113998	13	77	0	1.3	0.639606602	0	3.402074094	78	0.775676257	38.89443091	0	22.01703886	0.485212114	9.940113998	1.358732441	0	0	4	0	1.666666667	13.54672154	0.388041345	78	1.263157895	4.103407921
258	51	33	0.265095039	16.34828209	0	19.83673469	0.283018868	0.376141079	13	1.692784026	4.317836296	477	0	1.896289968	486	0.615303835	70.51776885	40	486	0	1.212121212	0.125939112	8.596310061	2.093660794	477	0.037456971	220.2096511	0	17.2477114	161.8490516	70.51776885	2.953252125	2	0	49	12.81009393	2.767295598	11.9245275	1.858832996	477	2.866666667	4.313466606
136	16	25	0.17116069	11.23313582	0	30.57142857	0.260663507	1.252040908	23.08679276	1.445737959	7.113274223	211	0	2.440490345	214	0.635624421	39.55395821	31	214	0	1.24	0.207602109	8.533024083	5.516165801	211	0.465674306	113.8123876	0	57.84797105	4.297104494	39.55395821	2.340656529	1	0	14	8.533024083	3.672985782	-2.709014072	1.97481604	211	2.193548387	3.521185789
140	17	15.89056648	0.867864925	13.26292907	0	21.86666667	0	0.213384161	14.03566885	0.97082523	6.893656993	155	0	2.254435569	164	0.445902876	40.93315155	41.38847232	164	0	2.604593887	0.150052667	7.141778945	3.742637652	155	0.074391336	117.1921689	0	12.0988521	73.07337784	40.93315155	2.811267651	1	0	15	9.481214711	4.243137232	6.412669447	2.180044233	155	2.413793103	3.086282927
128	11	11	0.955306642	9.279896448	0	34.55555556	0	0.29685895	30.41381265	0.744356143	9.731149822	117	0	2.407449682	155.5	0.41873876	36.2396542	45	155.5	0	4.090909091	0.170535092	0	10.44199193	117	0.249699015	107.042648	0	41.12882501	95.9421653	36.2396542	2.958401047	0	0	9	0	4.230769231	4.790464521	2.157750667	117	2.285714286	3.905178727
114	15	17.37534234	0.719327936	6.688402601	0	37.30769231	0.511811024	0.428686026	14	1.629642464	6.452532752	254	0	1.583384881	242.5	0.740339053	33.33908962	30.678763	242.5	0	1.765649413	0.325286354	9.236890899	3.774655294	254	0.410716282	96.78799128	0	23.5155746	123.4185549	33.33908962	1.788249045	1	0	13	10.20110288	2.098637834	5.92552655	1.1726686	254	1.676470588	4.984611664
90	12	14.59545205	0.447460493	8.670270144	0	17.8	0.221052632	0.232000984	16.03121954	1.365802922	6.356382067	95	0	2.33535781	89	0.594038537	27.77401954	22.07821746	89	0	1.51267788	0.19222266	8.602325267	3.944580681	95	0.408835048	76.2765848	0	10.12719112	146.284894	27.77401954	2.308451292	1	0	10	8.602325267	3.392016466	4.118488087	1.926522762	95	2.25	3.203362649
90	12	12.60504074	0.828379739	7.904883342	0	20.8	0.070707071	0.217445279	15.8113883	1.1469372	6.350783208	99	0	2.02981185	104	0.485550783	23.75770525	27.34062572	104	0	2.169023193	0.225015962	9.617692031	3.813977067	99	0.198898385	76.2093985	0	12.77340988	33.90798571	23.75770525	2.261335084	1	0	10	9.617692031	3.481108093	12.44626412	1.830913464	99	2.045454546	3.005446661
94	14	19	0.462695007	2.065837396	0	39.75	0.672268908	0.261227087	17.88854382	1.968030158	5.693969919	238	0	1.393776811	238.5	0.809963024	17.87810817	24	238.5	0	1.263157895	0.471627402	9.224077964	4.279664723	238	0.709214004	79.71557887	0	47.66047454	114.2119527	17.87810817	1.52327875	1	0	12	10.53875982	1.915966387	7.412362937	0.684562807	238	1.46875	8.654170075
82	14	12.53635205	0.535242168	6.162580062	0	22.08333333	0.507462687	0.325060873	9	1.638054953	5.163931392	134	0	1.570824108	132.5	0.736352429	23.80672835	20.53088652	132.5	0	1.637708198	0.318563442	6.635702978	2.12446149	134	0.373871858	72.29503949	0	9.818845259	149.3659364	23.80672835	1.770930272	1	0	12	6.635702978	1.920764338	10.17201102	1.19695225	134	1.64	3.863110598
68	7	4.709900049	0.974400412	4.85558941	0	22	0.482758621	0.147114318	24.51530134	0.921343773	8.293642576	58	0	1.69049765	55	0.680844449	20.9708715	25.72497821	55	0	5.461894719	0.205056261	0	8.190527555	58	0.640320826	58.05549803	0	11.88276062	12.13013425	20.9708715	2.232209359	0	0	5	0	2.089001312	1.486663844	1.050176824	58	1.545454546	4.318913675
172	27	22.4558354	0.76637509	10.82764293	0	29.6	0.216	0.299460193	17.11724277	1.41156824	5.483347909	375	0	1.691928749	370	0.577760571	49.46924166	45.42701751	370	0	2.022949345	0.212119037	7.582531213	3.722014468	375	0.025189795	148.0503935	0	27.3378858	79.29358677	49.46924166	2.220510452	2	0	25	13.84061054	2.720271007	10.76280756	1.666738954	375	2.047619048	4.568791379
258	41	23.98868476	0.767646757	9.932927831	0	26.17948718	0.419847328	0.41528796	14.2126704	1.563896565	5.166319218	524	0	1.471933925	510.5	0.688563167	54.30058356	51.51616648	510.5	0	2.147519425	0.142975826	11.11953152	3.031810413	524	0.338987776	211.8190879	0	24.89966717	68.02555671	54.30058356	2.817695583	3	0	39	20.68970916	2.358406637	10.87270986	1.132946149	524	2.58	5.466724865
162	26	17.78316808	0.720485779	9.384312883	0	22.375	0.362318841	0.385287048	11.18033989	1.526312933	5.193426739	276	0	1.548516458	268.5	0.70752428	39.70029353	35.19249069	268.5	0	1.978977567	0.185048952	6.856172925	2.566992687	276	0.351124688	135.0290952	0	12.33495203	68.43010352	39.70029353	2.437813525	1	0	24	9.529787566	2.26751441	12.75309748	1.19739177	276	2.25	4.230495512
384	61	47	0.295497676	9.923153853	0	47.76271186	0.648305085	0.401146548	20.09975124	2.136065386	5.203976233	1416	0	1.506472865	1409	0.826670405	64.61831972	55	1409	0	1.170212766	0.175702431	24.68066672	3.396165764	1416	0.313527412	317.4425502	0	71.53648802	63.1020122	64.61831972	2.551171217	5	0	59	37.61854631	1.825564972	10.91812308	1.192945452	1416	2.52631579	6.511873209
58	7	11	0.562790144	1.727733835	0	49.2	0.792	0.300649826	16	1.843041624	6.775338217	125	0	1.352092854	123	0.857439812	11.21256942	18	123	0	1.636363636	0.687138255	6.600189391	4.944079697	125	0.804168992	47.42736752	0	43.37003574	77.97389719	11.21256942	1.296919427	1	0	5	6.600189391	1.584	11.2879476	0.547923862	125	1.208333333	6.489755076
148	26	22	0.167725193	6.602211103	0	27.5	0.579937304	0.453743305	16.1245155	1.960937017	4.65363328	319	0	1.48002658	330	0.809302027	36.34667032	26	330	0	1.181818182	0.283256566	9.240743043	2.932140036	319	0.45909907	120.9944653	0	38.93798488	102.9760962	36.34667032	2.071602291	2	0	24	12.61760129	1.793103448	8.932531837	1.02092751	319	2	5.505226923
224	39	26.43432509	0.681731591	18.09907228	0	14.86486487	0	0.24446706	11.18033989	1.18216576	4.917421685	268	0	2.441658513	275	0.403171463	60.84872788	42.95695093	275	0	1.625044361	0.093956241	7.152634373	2.559500335	268	0.028971706	191.7794457	0	9.715304622	79.35342748	60.84872788	3.420744442	2	0	37	9.304717278	4.237082111	9.123286015	2.412686807	268	3.294117647	3.36198049
52	18	5.957109763	0.868098519	9.841252532	0	4.5625	0.2	1.225195576	12	1.017716603	2.752635693	35	0	1.852136916	36.5	0.594243976	17.81872892	18.17479411	36.5	0	3.05094162	0.186830354	3.590639187	2.652567473	35	0.195444968	49.54744247	0	3.605009535	164.2103331	17.81872892	2.197401062	2	0	16	5.592329219	3.093406955	-0.476529436	1.656691948	35	1.733333333	1.810615962
66	11	8.436685519	0.802292872	5.662684141	0	19.88888889	0.435294118	0.15779375	11.18033989	1.374572981	5.201304309	85	0	1.603058266	89.5	0.71133867	19.93873616	22.48731217	89.5	0	2.66542022	0.343566012	5.273755777	2.800192286	85	0.495273384	57.21434739	0	7.992280226	154.1672521	19.93873616	1.789676277	1	0	9	5.273755777	2.231980952	5.112092447	1.107784882	85	1.5	3.521075105
104	14	5.77148632	0.976010798	11.50080739	0	17.58333333	0.538461538	0.140517202	19.23538406	0.92996889	5.843937319	104	0	1.648407674	105.5	0.756583321	34.76849057	37.02132699	105.5	0	6.414522177	0.19805342	0	4.850674438	104	0.544492632	81.81512247	0	18.87881676	148.806886	34.76849057	2.549509757	0	0	12	0	2.054500791	3.547698904	1.103915043	104	1.677419355	3.023134758
122	25	16	0.836635203	8.225870604	0	16.69565217	0.274611399	1.19980249	8.246211251	1.35529427	4.164989903	193	0	1.801660655	192	0.631839569	31.69898637	34	192	0	2.125	0.222530919	7.722012912	2.024037608	193	0.307849288	104.1247476	0	15.63561927	1.700857741	31.69898637	2.19543804	1	0	23	13.12397065	2.81865285	-3.780665478	1.493811367	193	1.967741936	3.853572211
60	14	9.912556306	0.151872137	10.05515802	0	8.166666667	0.106382979	0.354792919	7	1.405435494	3.832529672	47	0	1.438750409	49	0.544168028	19.86277126	10.77126067	49	0	1.086627943	0.21387795	0	1.424079416	47	0.12902368	53.65541541	0	6.295942256	139.1496792	19.86277126	2.187974873	0	0	12	0	2.271717614	15.5084475	1.30972673	47	2	1.975381315
76	12	11.28084252	0.695961923	4.093834623	0	28.6	0.682119205	1.041421266	12	1.6660845	5.454111175	151	0	1.306303219	143	0.813271329	19.84917682	22.91394572	143	0	2.031226451	0.419490981	0	2.747429468	151	0.255267049	65.4493341	0	29.5201626	26.53225665	19.84917682	1.546198072	0	0	10	0	1.71184512	-0.695856378	1.05103617	151	1.407407407	4.848553653
56	10	11	0.280785056	3.886046519	0	29.875	0.739130435	0.390546641	11.04536102	1.905913847	4.89121056	115	0	1.385936435	119.5	0.870288997	15.38272895	15	119.5	0	1.363636364	0.627671259	10.6595028	3.0324283	115	0.816839184	48.9121056	0	31.05816117	84.58362542	15.38272895	1.305506732	1	0	8	10.6595028	1.434782609	11.15691213	0.56909725	115	1.217391304	3.958452086
58	10	7.951390805	0.827452367	4.477563022	0	18.125	0.534246575	0.32602777	9	1.375880897	5.181736672	73	0	1.339365294	72.5	0.703513458	17.019999	19.30922944	72.5	0	2.428409056	0.33930041	0	2.438033147	73	0.315373178	51.81736672	0	4.01364859	123.5172282	17.019999	1.697096634	0	0	8	0	2.103222321	15.18466344	1.023992116	73	1.45	3.801174638
228	28	16.73457303	0.945337632	15.9485589	0	35.84615385	0.311965812	0.334542371	24.18677325	1.044657467	6.822808947	468	0	1.795016115	466	0.647687988	68.97465579	74.65692482	466	0	4.4612387	0.160450284	12.26427683	4.755424918	468	0.270467942	191.0386505	0	45.73560497	99.28776417	68.97465579	2.634825932	2	0	26	15.64357581	2.669555044	6.776614268	1.524548173	468	2	4.324820582

