-0.828329279	0.454599281	0.846526051	3.220731364	180.9487936	99.71630984	411.4741858	119.4540233	5.430226955	953.2336066	211.3032787	2542.30123	238.7090164	0.481557377	789.2057377
-0.691116708	0.340646693	0.655015239	2.627097596	172.7739146	151.2199435	274.3315654	134.0143152	39.05711829	1183.966667	501.8033333	2407.33	439.7	16.85333333	909.9306667
-0.34229457	0.108305332	0.150457132	1.303241771	479.4078665	682.1758888	489.4833016	639.6948607	539.0568404	1251.047619	1148.238095	1554.952381	761.9047619	258.3571429	994.9
-0.053030134	-0.040227242	-0.129286761	0.843929886	745.4315836	1292.617595	322.6717382	1140.056044	975.9067181	3277.102564	3921.564103	3023.641026	2719.102564	1486.358974	2885.553846
0.99177244	-0.987730388	-0.993212347	1.625441551	233.9807677	217.3571464	36.70898669	239.0437348	218.3924184	1631.362445	2957.043668	10.069869	2437.768559	2028.90393	1813.029694
0.064866608	-0.037885166	-0.132899222	0.519022946	407.9482012	827.9416207	875.38015	647.2898765	661.1365506	2790.45946	3379.675676	2586.743243	2945.608108	1961.310811	2732.75946
-0.776165032	0.396835401	0.765748624	2.954663573	219.8502585	139.4345664	435.944095	143.0242951	8.306536717	831.4630651	255.4498346	1925.53914	242.6593164	1.249173098	651.2721058
-0.796329951	0.454252839	0.830291566	3.160752224	207.5108181	108.047613	413.0165506	139.018019	5.135604029	1109.948454	274.242268	2957.680412	335.3453608	0.597938144	935.5628866
-0.638040889	0.362525079	0.659549927	2.514619595	417.2327491	533.8079343	582.4876886	393.3886562	214.7166624	1862.959302	816.8604651	3981.848837	879.872093	125.7732558	1533.462791
-0.334615361	0.126553791	0.185110435	1.26845349	477.9360486	820.271264	753.9531472	503.128738	389.1089681	2380.390476	2111.076191	3070.180952	1530.666667	609.0380952	1940.270476
-0.725488527	0.403077273	0.703245896	2.743553968	287.7552981	384.875526	302.3144069	324.0696858	209.6124367	1343.613065	550.2462312	3158.18593	502.4422111	71.27135678	1125.151759
0.089698342	-0.070883949	-0.168698344	0.42987083	1139.385496	1986.552732	420.5805429	2183.837705	2130.123966	5097.470588	6217.647059	4422.647059	5294.235294	4060.352941	5018.470588
-0.621349336	0.43372814	0.690258605	2.527633923	339.7399032	279.4808219	652.728295	263.4057085	191.4440312	2655.686667	1232.153333	6723.86	1570.293333	375.64	2511.526667
-0.48642052	0.259883943	0.449857838	1.905692858	417.0928364	585.2803969	641.8737645	394.512621	254.6746502	2199.532407	1420.726852	3744.217593	1293.680556	321.662037	1795.963889
-0.494651351	0.296936377	0.529513545	1.951160603	399.6448388	476.7520588	403.1956505	333.0284153	249.4092754	3192.946524	1811.796791	5890.005348	1991.438503	619.6096257	2701.159358
-0.429401867	0.231723176	0.380865963	1.655636573	216.956912	236.4829093	301.0936625	206.7578063	146.0846222	2458.967568	1767.589189	3942.286487	1573.708108	538.0864865	2056.127568
-0.515663177	0.326024422	0.559780332	2.028836427	228.0794341	348.2819616	425.6430712	238.0142531	203.7961284	3384.754011	1879.491979	6659.390374	2128.037433	681.2513369	2946.585027
-0.754607402	0.448871755	0.751400471	2.948926749	394.9386757	347.1360049	384.5887826	378.9510034	92.11514193	1603.203297	598.2472528	4214.692308	589.4505495	52.14285714	1411.547253
-0.334900564	0.159070954	0.216301138	1.368933653	389.5152041	718.0775427	1075.2919	427.6183609	375.917242	2948.894737	2618.894737	4064.526316	2025.105263	685.2631579	2468.536842
-0.019707954	-0.075125892	-0.16739969	0.927025469	903.538091	1454.668602	630.3003545	945.1638668	641.957176	5028.638298	6065.361702	4325.87234	4158.659575	2054.489362	4326.604255
-0.408227892	0.214497155	0.399276303	1.630003895	455.372105	525.7836388	502.5409916	396.6623979	258.4850548	3364.87963	2233.518519	5202.574074	2186.25	730.5648148	2743.557407
-0.104278472	-0.033786541	-0.071694811	0.916255938	697.5432121	1068.579382	394.4785055	746.4857771	453.4303786	3013.862069	3251.965517	2816.862069	2284.862069	987.8275862	2471.075862
-0.207713003	0.07385686	0.083943022	0.931392573	453.7128979	710.9572495	587.9545024	528.6762077	332.4527174	4074.62963	3992.753086	4724.506173	3099.382716	1487.259259	3475.706173
-0.178769612	0.067205605	0.060507381	0.850830482	792.0058993	1145.308255	920.1714593	809.8941455	575.4646721	3519.295455	3566.954546	4026.409091	2805.136364	1416.954546	3066.95
-0.735551385	0.358212941	0.715937895	2.765823694	189.0896036	193.2498701	357.4731119	155.4721214	61.71680308	1041.2879	364.8038943	2203.675939	335.7774687	13.61057024	791.8311544
0.010117847	-0.123142385	-0.221965513	0.954058342	644.490883	851.3430871	329.0418827	563.3825242	542.2790622	4161.176471	5102.352941	3248.705882	3315.117647	1748.647059	3515.2
-0.271160666	0.095751803	0.13959106	1.112795687	583.5990951	979.918084	536.3734841	588.0533935	447.0885768	3312.253968	3030.428571	4013.730159	2301.333333	978.7936508	2727.307937
-0.659787727	0.376568213	0.660370047	2.597289671	300.6422489	316.6717321	601.6152221	257.5572638	127.400969	1654.40553	747.2258065	3653.009217	748.7695853	78.26728111	1376.335484
-0.795763012	0.34066741	0.710929552	2.811405372	169.0047682	126.6770319	312.0842407	115.8952929	17.80002625	691.8680688	237.6902486	1406.824092	160.0019121	2.019120459	499.6806883
-0.594213805	0.347496651	0.635428872	2.415163648	273.5384138	373.5395742	683.6005279	279.0365053	171.1298288	2187.018868	1006.811321	4516.45283	1149.603774	159.6981132	1803.916981
-0.44358636	0.223785945	0.356682231	1.658603492	551.4520902	905.1688697	599.6216835	626.341026	447.0681121	2393.020408	1789.030612	3772.857143	1454.204082	489.3367347	1979.689796
-0.809614346	0.405908547	0.78401827	3.031401341	155.7950677	95.69383517	328.6773803	100.0685057	4.025862396	847.8471673	242.9064559	2006.417655	211.0909091	0.425559947	661.7375494
-0.769292126	0.390389981	0.713835601	2.873621954	143.805079	98.2063069	260.7167271	110.4683128	15.02971269	891.1879699	339.3909774	2032.609023	265.0432331	3.078947368	706.2620301
-0.83036727	0.393905963	0.756159928	2.998939604	119.708685	78.50494707	290.0377295	85.3537526	6.804395841	878.8106509	280.6272189	2021.104537	187.3096647	0.692307692	673.7088757
-0.820930935	0.487712586	0.833726606	3.246777902	234.9645841	199.6779264	343.9164799	183.6800799	40.67945263	1130.389381	297.660767	3282.716814	322.820059	8.566371681	1008.430679
-0.912124368	0.515636877	0.846043016	3.44865247	213.8688615	155.1229849	289.8706988	118.5765935	11.53208572	866.0877514	226.0182815	2710.104205	124.5484461	1.005484461	785.5528336
0.119849785	-0.359440597	-0.472482496	1.424873831	325.9530426	542.3968918	424.0431666	359.477301	236.0629164	1333.026667	1753.28	628.1133333	799.1733333	363.4466667	975.408
-0.85468658	0.453226595	0.798388188	3.190798457	211.8921968	120.1248075	538.9776324	109.4735623	2.272648357	666.7833333	198.675	1772.191667	138.85	0.208333333	555.3416667
-0.629745694	0.352702749	0.495966629	2.259445716	621.3604132	855.1586423	646.8363839	572.7229819	279.9945142	1688.316547	1188.748201	3528.194245	801.5539568	187.0071942	1478.764029
-0.164962984	-0.063089528	-0.141411351	1.049202555	239.5549476	399.2270976	377.529888	292.5218203	222.4622125	2849.261603	3338.240506	2511.080169	1799.924051	938.3291139	2287.367089
-0.805757454	0.428848237	0.797530787	3.086227945	180.0206746	100.0148471	414.1085978	109.5095565	2.205612648	889.5820513	250.6705128	2225.464103	239.3897436	0.141025641	721.0494872
-0.789046192	0.421323369	0.799631085	3.05408195	118.8166327	86.23966697	258.8178863	97.67410995	7.673072486	1052.379237	287.7902542	2584.813559	304.786017	0.745762712	846.1029661
-0.902535444	0.572781152	0.90997961	3.649285727	97.11949377	78.54655688	191.1347099	77.09804745	3.060325787	734.7791096	127.4931507	2705.046233	138.5761986	0.157534247	741.2104452
-0.876053874	0.447592799	0.806092533	3.21536287	160.0033579	92.04884588	291.6937333	112.7611043	0	597.5581395	168.1209302	1565.911628	103.455814	0	487.0093023
-0.742349113	0.35820853	0.744806188	2.82349262	111.4068058	84.35699378	223.0241425	78.33824437	15.77482797	1082.69434	335.1207547	2291.281132	338.8245283	3.467924528	810.2777359
-0.844506714	0.533793066	0.853550952	3.396789724	129.9601116	120.0612324	228.20822	97.66479443	28.22147432	1116.580645	290.2419355	3673.483871	309.6774194	7	1079.396774
-0.868979277	0.446444649	0.769384063	3.157266879	132.3594343	118.9145087	294.7742019	101.5474308	5.283609083	672.1666667	228.9206349	1756.376984	123.1269841	0.345238095	556.1873016
-0.919725611	0.503905843	0.833491131	3.418591913	200.387391	112.683262	262.5141392	121.906404	1.498799449	732.4252874	201.6408046	2220.341954	92.84482759	0.08045977	649.4666667
-0.901889301	0.49407466	0.835315994	3.377568864	158.9368767	111.9808788	317.7523285	96.79374816	4.379477601	713.6177156	189.1002331	2107.421911	108.7132867	0.354312354	623.8414918
-0.829998308	0.46073531	0.764562937	3.129276516	218.9369148	140.4884761	356.6892823	135.1179743	12.04698506	809.9323843	292.7224199	2193.907473	203.8078292	1.957295374	700.4654804
-0.503951573	0.270794953	0.429451624	1.925561132	488.2750868	655.3804891	642.1109739	449.0221901	279.1624714	1932.929329	1344.512368	3368.540636	1111.045936	275.2226148	1606.450177
-0.588349424	0.332093215	0.551196629	2.305176377	318.046531	377.0721315	637.3845859	299.2017425	153.9245234	1813.595918	1046.522449	3617.089796	937.4367347	135.9836735	1510.125714
-0.790684455	0.44841866	0.807109507	3.108623091	202.1758253	211.5263712	434.6872407	182.013615	26.00043431	1525.131206	427.4822695	4004.900709	468.1382979	6.113475177	1286.353192
-0.835884548	0.480842882	0.893296382	3.341175315	164.3996276	91.45103589	395.700616	120.7212246	2.728967788	1208.072658	194.206501	3445.904398	308.040153	0.200764818	1031.284895
-0.384091528	0.18086059	0.320305096	1.549203701	288.4073394	354.5020749	474.7113891	306.1697829	222.6201227	2723.545455	2021.227273	3926.227273	1747.136364	533.0909091	2190.245455
-0.427219177	0.211013016	0.374923171	1.666166166	365.5491167	602.3373702	404.4745368	364.5217691	209.1120223	3358.42029	2343.521739	5154.826087	2068.768116	635.7536232	2712.257971
-0.555262217	0.332823172	0.582574319	2.219705342	365.6852594	422.1877748	387.3935315	388.8300579	197.783715	2850.607843	1502.04902	5694.676471	1628.431373	354.1176471	2405.976471
-0.856684889	0.513398689	0.815150215	3.327049669	231.5158119	181.6552698	366.395166	172.3647134	24.27685245	980.7848933	310.6420361	3050.37931	235.454844	2.776683087	916.0075534
-0.541406976	0.316029947	0.493014201	2.052655287	590.9582764	1032.855527	640.9046331	712.679229	445.2637681	2332.590164	1524.04918	4488.147541	1335.295082	364.5245902	2008.921312
-0.312864677	0.156663124	0.21809553	1.309226154	664.9087622	984.9085855	632.1888092	731.5686539	455.484891	2606.013514	2294.324324	3574.22973	1870.702703	685.7972973	2206.213514
-0.746302568	0.390738975	0.776769644	2.918562282	208.174874	194.3949032	330.632705	164.5977709	36.44839491	1339.421699	384.1330604	3057.451382	444.1770727	4.702149437	1045.977073
-0.658275826	0.375957875	0.668468631	2.583483469	452.3152516	516.1865817	569.0732789	416.4852983	167.0402066	1998.129534	875.4300518	4405.699482	907.8911917	115.6632124	1660.562694
-0.789810584	0.433179147	0.839459738	3.124587157	260.1162703	162.603932	535.6236475	196.329083	0	1263.573771	278.8360656	3194.885246	375.1967213	0	1022.498361
-0.805288905	0.438305837	0.835798102	3.147822271	182.4654968	118.7596772	426.625732	133.1586259	7.25695166	1071.573388	245.4293553	2743.931413	295.9492455	0.609053498	871.4984911
-0.766093197	0.391903129	0.762370121	2.931991412	146.010371	124.861598	299.5277322	115.3862981	8.285829775	1028.302682	317.366539	2353.733078	311.7356322	1.014048531	802.4303959
-0.742670622	0.394727871	0.736255176	2.875475933	168.9341919	138.8105873	398.7530504	133.3293393	22.83076969	1058.286275	370.4352941	2438.607843	360.0941177	4.721568628	846.4290196
-0.747170154	0.402797592	0.726800422	2.888114515	220.4662345	337.5807126	876.9643118	174.6242954	11.3750732	1559.857143	579.6904762	3664.02381	530.2142857	3.476190476	1267.452381
-0.912660615	0.619957621	0.946237405	3.822944487	102.8757978	57.23446369	234.4235787	72.63831208	0.133896286	718.6726547	84.62275449	3063.393214	139.8862275	0.005988024	801.3161677
-0.702875384	0.432459176	0.804768888	2.933922399	232.9814204	271.7620985	428.4169853	215.9064498	87.3650248	2113.568282	577.0704846	5334.594714	930.8017621	49.99559471	1801.206167
-0.20657875	-0.045684558	-0.087204024	1.03193431	107.8739734	145.9409557	132.0172403	111.4021938	108.8104941	3356.306977	3648.297674	3063.041861	2014.193023	957.2093023	2607.809767
-0.163409326	-0.090724744	-0.138318054	1.09305981	140.5180325	121.252931	244.0812358	103.914717	93.74708483	3142.944251	3461.254355	2620.094077	1884.071429	847.5487805	2391.182578
-0.191356184	-0.032935811	-0.081880823	1.018555469	173.7734339	210.3354605	233.7436101	164.3571982	146.6583283	3696.181159	4077.702899	3460.471015	2348.826087	1088.847826	2934.405797
-0.664954898	0.438428881	0.707874016	2.646527485	202.9387587	279.7382629	372.3486431	221.9746543	182.4397295	2770.214286	1213.7	7095.728571	1427.9	310.8714286	2563.682857
-0.030923535	-0.084650998	-0.167015771	0.952651784	335.2021395	570.4039143	362.4045374	355.7216352	262.9250929	4728.877676	5591.067278	3990.752294	3751.33945	1805.666667	3973.540673
-0.184438423	-0.041890971	-0.089532893	0.973012608	380.1328116	450.7127387	360.5820403	270.0229492	207.550504	3351.239808	3687.858513	3081.755396	2121.985612	1092.724221	2667.11271
-0.245578447	-0.009049402	-0.032429769	0.987733799	175.6262071	210.0923307	147.3048265	125.3019229	118.5176098	3420.924479	3584.768229	3359.565104	2034.820313	947.9153646	2669.598698
-0.184644431	-0.061444005	-0.104373263	1.042656261	202.9802067	234.9463418	266.9814454	187.606518	154.1452968	3403.877922	3711.298701	3009.796104	2071.553247	966.4142857	2632.588052
-0.196649776	-0.079082043	-0.121803662	1.102704162	220.3876095	198.3629716	203.6917105	158.7212648	158.9224058	3037.333333	3311.190476	2592.142857	1740.190476	782.952381	2292.761905
-0.184460678	-0.041909308	-0.091081006	1.026852651	227.1919906	266.9636667	287.7339146	193.6647538	160.2437437	3673.254144	4054.707182	3377.751381	2325.690608	1075.430939	2901.366851
-0.030348695	-0.16738531	-0.238689965	1.05186312	162.88671	232.6670483	150.5419757	163.3509416	159.2562848	2839.840502	3295.526882	2025.460574	1906.141577	973.016129	2207.997133
-0.318352028	0.159674461	0.186958723	1.265455831	673.8067844	1128.371822	681.0030136	721.9981394	449.5466457	3794.558824	3586.962185	5236.605042	2707.563025	1083.567227	3281.851261
-0.015680343	-0.100092814	-0.198548995	0.985108432	249.7341266	444.9081583	308.2854502	305.2990608	263.6633247	5603.584158	6855.089109	4583.891089	4442.356436	2190.514852	4735.087129
0.002168898	-0.102040336	-0.195727953	0.918612186	270.6007247	380.8414709	233.6585413	257.4476229	209.4618631	5755.192983	6971.859649	4689.421053	4709.807018	2455.614035	4916.378947
-0.583768682	0.254746456	0.552260475	2.255863897	206.4360401	258.7260001	298.7556051	175.0963393	91.7801864	1619.141361	786.3167539	2726.068063	716.4397906	60.38219895	1181.669634
-0.108723635	0.021970817	-0.040411617	0.758354817	489.4160037	829.9500023	466.1116121	622.2237204	649.2181762	4758.025317	5390.556962	4971.797468	3996.708861	2162.987342	4256.01519
-0.004740989	-0.108742325	-0.221090182	0.924924991	442.5419315	790.4227811	276.9666658	469.9565156	472.2302744	6971.833333	8785.777778	5604.277778	5551.388889	3212.888889	6025.233333
-0.047422437	-0.081516241	-0.17815554	0.978819219	298.4129121	592.6382909	321.5565358	611.2840045	454.8080465	5842.325581	7112.744186	4961.627907	4512.348837	2276.325581	4941.074419
-0.375637856	0.216068294	0.362555969	1.493461492	508.5792413	956.5509899	775.7487304	659.3889283	600.3030896	3827.078947	2777.377193	5936.72807	2694.508772	1067.184211	3260.575439
-0.017670457	-0.061296284	-0.144365717	0.883998064	525.8746796	999.652972	254.9073294	680.1775773	371.9031634	5849.314815	6919.481482	5173.648148	4993.981482	2434	5074.085185
-0.003723434	-0.082039106	-0.191453303	0.760385204	692.3385848	1050.040665	829.1553662	1606.129203	1759.670999	5731.769231	7165.423077	4862.615385	4826.538462	3238.115385	5164.892308
-0.180972838	-0.023627596	-0.065719624	0.920720499	376.6455495	687.4793433	401.1990924	430.6796898	315.8415531	2815.603846	3063.45	2685.623077	1862.530769	965.5423077	2278.55
-0.069417053	-0.125431037	-0.208234701	1.026000588	370.0714431	549.4047169	345.850483	402.0963392	321.628654	2691.519481	3191.74026	2091.571429	1820.038961	980.6103896	2155.096104
-0.727956036	0.415181784	0.774949959	2.916153597	170.2820385	134.0245418	321.3244384	122.6729474	59.35604499	1286.577681	394.7483589	3113.345733	490.1553611	19.62582057	1060.890591
-0.754152316	0.425711762	0.738913706	2.924743289	210.6468268	193.710346	415.4363653	148.0386164	48.5869752	997.8808374	371.9516908	2477.310789	347.1996779	15.03864734	841.8763285
-0.939289962	0.528833524	0.809349661	3.450610731	196.0095446	131.2593779	279.3349515	144.7691401	20.03173695	868.9318182	297.0890152	2819.496212	88.26515152	4.785984849	815.7136364
-0.405856652	0.1800116	0.358033719	1.561329886	428.6670716	635.7818758	191.4352434	405.8056117	227.7801302	2567.969388	1746.908163	3695.459184	1561.77551	538.3163265	2022.085714
-0.287169732	0.104364436	0.145602909	1.133931489	319.9307475	635.8244131	404.4252029	348.2814807	247.8938949	3303.606061	3038.050505	4073.515152	2255.89899	978.0757576	2729.829293
-0.72954716	0.431187514	0.716051418	2.813016077	271.6435683	245.0779466	445.7932821	257.897134	108.2347586	1251.390244	520.9902439	3148.619512	492.3560976	65.94634146	1095.860488
-0.741825797	0.427580807	0.782029804	2.982129894	144.2764022	105.9818836	351.251934	102.4395992	20.06012378	1183.544757	361.0383632	2951.693095	437.5012788	5.675191816	987.8905371
-0.67267493	0.369189136	0.716056064	2.710550406	231.5413293	297.9625561	461.8716395	209.4075668	83.47136723	1768.843137	635.2647059	3839.313726	751.3137255	30.73529412	1405.094118
-0.705068319	0.37825034	0.656025844	2.693031345	270.0174082	335.9667097	432.7183864	243.525281	69.98742859	1342.457627	618.1186441	2975.864407	514.7457627	25.88135593	1095.413559
-0.767827911	0.450395845	0.820508821	3.103617921	142.5719675	97.85361713	310.5757379	95.12000739	14.53216419	1355.557692	352.6995192	3577.293269	469.8125	2.963942308	1151.665385
-0.211290413	0.030759408	0.017806636	0.968859731	861.6588611	1225.962694	507.5764043	819.6048064	469.3038271	3715.007042	3812.56338	3950.802817	2572.492958	1028.788732	3015.930986
-0.24413033	0.068594252	0.065787568	0.984374674	620.2276956	1180.208316	603.7113777	748.5562567	532.8089708	3448.425	3467.925	3956.35	2403.675	1121.725	2879.62
-0.800509134	0.441956782	0.826464565	3.134467982	306.20058	159.7789643	642.3872567	162.5271993	15.46005462	1046.731482	256.9783951	2704.703704	299.6728395	2.453703704	862.1080247
-0.269774899	0.129267451	0.157804833	1.094068615	614.6006933	913.6925277	547.3874928	751.9715954	484.0405427	2667.183908	2516.183908	3459.114943	1989.275862	929.3793103	2312.227586
-0.714917648	0.405626697	0.762684287	2.843147746	172.4952809	198.1055946	359.0928562	158.0636872	99.61986971	1496.020979	476.3216783	3537.923077	588.1328671	44.74825175	1228.629371
-0.701711009	0.388984157	0.689704463	2.717598176	184.6320635	170.7059227	339.7463609	150.8143854	73.79071936	1185.510288	494.8971193	2694.946502	472.3909465	38.93827161	977.3366255
-0.601767383	0.362909818	0.632677016	2.416099361	347.5349767	348.7924892	594.520719	314.6782005	169.1329037	2088.323529	1005.105882	4467.494118	1110.711765	186.8823529	1771.703529
-0.310075208	0.129652961	0.190775365	1.246637833	267.5607661	365.784446	426.3928418	237.2305421	151.5187774	3289.725807	2901.693548	4269.846774	2248.629032	881.2096774	2718.220968
-0.609524659	0.381905117	0.713814848	2.460174727	266.8162467	166.6494839	316.7213644	191.0401564	131.0847771	3355.213483	1252.640449	7501.41573	1819.865169	434.1685393	2872.660674
-0.673912239	0.386205607	0.689700384	2.639875002	417.6453932	623.8179667	540.6534195	410.6163764	210.5856214	2329	965.9302326	5259.860465	1024.651163	132.3023256	1942.348837
-0.675141766	0.328180139	0.64515523	2.584326971	179.9308419	147.4288781	397.4396931	134.7484051	36.70328178	1001.833557	427.2	1980.613423	384.0979866	13.02550336	761.354094
-0.761383387	0.479369094	0.763827936	3.03981883	222.0753899	220.2125164	340.0885848	202.4332646	64.14104458	1323.904	503.704	3761.864	509.624	33.48	1226.5152
-0.691413634	0.381066373	0.719199098	2.740005239	283.5825547	217.3619421	514.8012219	217.3819754	69.688479	1444.626506	526.5	3223.487952	588.1024096	35.24096386	1163.591566
-0.096626636	-0.041446504	-0.101558737	0.904544186	291.0638161	530.3620486	332.6837214	273.5326799	217.4475647	5072.931973	5724.748299	4669.156463	3846.333333	1889.07483	4240.44898
-0.065415076	-0.069497301	-0.141326529	0.924454173	264.3921045	381.8451798	240.2518339	230.433356	183.5472106	5606.603834	6483.651757	4877.955272	4278.955272	2156.523962	4680.738019
-0.502466803	0.316906375	0.517743598	1.936471193	323.4235764	401.0021765	416.5451879	265.7382777	211.9341229	3419.723577	2094.813008	6592.735772	2183.146342	762.7357724	3010.630894
-0.471916948	0.273544773	0.456888202	1.7954768	141.9786987	270.0853085	301.7401151	128.7986488	144.8199064	3385.088496	2212.271386	5934.380531	2129.091445	757.0029499	2883.566962
-0.553814885	0.371096199	0.627710577	2.227347789	119.0306642	135.040079	217.6457244	72.4258984	107.4286006	3446.703226	1718.664516	7514.283871	2157.76129	625.8645161	3092.655484
-0.035727862	-0.080527165	-0.15314363	0.930625189	231.1756269	347.9101975	229.740297	170.7376852	132.8990049	4600.139241	5330.253165	3914.481013	3644.417722	1749.443038	3847.746835
-0.13030116	-0.006672341	-0.022354913	0.836472349	440.6669965	715.9327325	383.1146963	328.5959079	241.8560998	4701.778689	4851.622951	4639.45082	3569.778689	1610.590164	3874.644262
-0.02403355	-0.104144674	-0.192632861	0.969863045	195.2932334	239.288167	171.8443196	240.3555646	187.18894	5020.445455	6017.136364	4073.372727	3882.172727	1953.972727	4189.42
-0.579823932	0.413085207	0.586059085	2.282595015	131.2026385	218.5281688	431.9859667	115.1173352	153.5018569	2594.5	1630.294118	6246.647059	1661.382353	485.9411765	2523.752941
0.066165758	-0.164606436	-0.263400325	0.971341701	213.4270156	390.4093249	251.0583024	279.8802794	229.5688625	3931.027523	4836.458716	2819.798165	3219.385321	1641.165138	3289.566973
-0.926029402	0.633397149	0.934139048	3.855348787	154.4160452	83.97623471	252.8400561	84.45378467	0	594.0269953	90.12441315	2646.684272	101.6478873	0	686.4967136
-0.677998918	0.320744917	0.659006607	2.615427251	112.5471133	90.71519782	256.842522	98.86826767	0	533.3266962	213.1460177	1037.001475	198.9963127	0	396.4941003
-0.670289473	0.337927632	0.688201443	2.662719515	103.9523131	81.28728132	217.6959616	96.40918481	4.018085628	611.5382263	228.2446483	1235.807339	243.9449541	0.360856269	463.9792049
0.012307822	-0.130039589	-0.218154285	0.976640463	214.6733242	257.5117055	247.7067793	206.9841573	201.4315095	5020.657534	6022.09589	3865.150685	3961.479452	1954.589041	4164.794521
-0.014588017	-0.157612505	-0.244726535	1.085441869	233.269594	384.7360264	264.315941	241.770066	164.7743062	4054.589744	4862.564103	2950.5	2865.653846	1367.307692	3220.123077
-0.210646733	-0.026709557	0.020834152	1.045287979	205.3399651	251.5344154	311.1718716	180.647554	142.8095799	1924.406709	1749.81761	1824.280922	1189.448637	435.2473795	1424.640252
-0.735666423	0.377293366	0.608198052	2.624233444	498.0895242	608.2311122	427.6059617	419.5251211	181.1095875	1498.85782	807.6635071	3315.151659	504.8815166	65.3507109	1238.381043
0.163891534	-0.306190231	-0.419252613	1.111212125	248.9579816	317.9940553	286.3016383	248.957361	171.0546394	2575.322581	3343.012903	1367.935484	1904.212903	1064.025807	2050.901936
0.02503121	-0.141886252	-0.237537785	0.943898265	537.5622891	754.6280097	544.5262548	549.7181707	381.6860322	3788.290598	4620.675214	2846.854701	2993.034188	1624.17094	3174.605128
0.355692985	-0.476511443	-0.585256658	1.291463791	206.4864124	222.2020186	193.1622104	173.8932677	125.5847193	2353.137795	3188.877953	834.2913386	1755.440945	984.2125984	1823.192126
0.237247177	-0.34731444	-0.458555816	1.094749618	207.9665582	250.8686348	219.9151914	208.1447611	129.7470396	2829.126316	3691.957895	1370.526316	2223.105263	1211.978947	2265.338947
-0.03593094	-0.098443263	-0.18371486	0.966002683	510.7813171	807.21501	582.3698912	489.4019622	366.0786018	2907.59596	3460.626263	2386.434343	2220.888889	1123.151515	2419.739394
-0.704063603	0.33453298	0.716635032	2.692829266	255.5516932	180.0741082	327.0053178	166.458851	47.76160202	1187.130252	392.9789916	2380.680672	413.4411765	16.16386555	878.0789916
0.291992953	-0.378204014	-0.50899655	1.227241077	210.9781705	315.6291575	222.2809846	214.2638161	143.2541092	2898.291045	4018.649254	1307.604478	2386.156716	1135.552239	2349.250746
-0.173984434	0.003992345	0.002021126	0.912038925	332.7567398	764.2451789	623.1322868	313.2389878	212.9317967	3858.327586	3873.568966	3889.258621	2736.482759	1074.344828	3086.396552
-0.794594547	0.44945521	0.730493037	3.02931143	196.624292	115.0759486	436.7032575	123.8180996	4.776396782	622.1706667	255.1066667	1638.029333	187.4853333	0.317333333	540.6218667
-0.851777463	0.57166049	0.867742392	3.512503691	202.4675088	143.1196819	250.9136264	133.8384733	2.020890547	769.6431298	199.9694657	2823.969466	226.0400763	0.106870229	803.9458015
-0.704783623	0.385846851	0.752806584	2.828267118	216.5745763	195.2008882	358.937264	155.3377456	34.22941354	1486.003623	472.8913044	3353.192029	580.6702899	12.73188406	1181.097826
-0.873309511	0.604129371	0.875605712	3.619532491	202.557286	145.5691153	248.3516065	126.2219807	8.453242185	704.7040961	189.3877119	2855.570622	193.1200565	0.791666667	788.7148305
0.063783308	-0.181791365	-0.275186061	1.055949598	199.9123702	302.9550424	223.8136662	221.1875622	167.1738479	3733.832	4548.048	2585.104	2937.344	1348.024	3030.4704
-0.578203949	0.317092456	0.618008426	2.372850003	156.7806509	178.1487697	219.8049967	155.6784636	98.1765082	1987.316614	904.8871473	3832.846395	1024.37931	105.2507837	1570.93605
-0.821290697	0.546114938	0.8324313	3.367839972	243.0605853	150.541636	230.8301926	136.4009352	14.72611914	895.8395522	279.0559702	3051.589552	299.4291045	1.839552239	905.5507463
-0.166016936	-0.044658452	-0.090326049	1.039794127	634.2582967	1173.467565	559.1950308	601.3968258	416.6129648	3093.114286	3390.4	2828.657143	2023.171429	855.2571429	2438.12
-0.02466635	-0.114012903	-0.200774085	0.953765454	223.7357685	368.6475377	183.1723427	227.0344443	181.1443616	5874	7018.8	4671.658824	4446.741177	2368.329412	4875.905882
0.002161774	-0.164687128	-0.271378292	1.098832019	362.5557322	503.2586717	428.1631172	271.1235388	176.5214963	4675.317308	5850.913462	3353.134615	3367.663462	1689.336539	3787.273077
-0.13296536	-0.027273507	-0.053205851	0.856542019	443.9092303	792.0071937	475.6577548	340.5720418	242.5611556	4904.336788	5165.860104	4643.92228	3553.896373	1738.564767	4001.316062
-0.194414693	0.04047021	0.059735991	0.948522312	422.7700404	676.191074	503.9135533	305.4439777	276.3511652	4124.702128	3968.404255	4472.638298	3016.617021	1274.765957	3371.425532
0.092859949	-0.201542527	-0.309442237	1.095599533	204.7501258	308.470217	233.4620685	178.2581159	119.7089764	4280.582782	5393.887417	2844.562914	3426.933775	1558.344371	3500.862252
-0.35069405	0.147040824	0.267953816	1.338925623	442.540409	659.4253124	565.2919837	314.3018758	247.4755073	4575.217391	3552.2	6152.652174	2957.704348	1212.06087	3689.966957
-0.751894735	0.429045143	0.780232227	2.998106575	136.6604371	91.81323697	326.7271637	76.43363269	13.38644267	1608.60274	497.0273973	4026.178082	570.1917808	4.698630137	1341.339726
-0.907611867	0.572659473	0.89432434	3.633160847	181.2939343	89.66373727	374.4107714	99.90991365	2.7373221	469.8440171	96.45726496	1729.076923	83.74145299	0.192307692	475.8623932
